593fb65fNefa151a3,0,1,0,0,1,0,0,0,0,1,0,0,0
59420763N34620a16,0,1,0,0,0,0,0,0,1,0,1,0,0
591126f1Nf355e4a0,0,1,0,0,0,0,0,1,0,0,1,0,0
594ce2ceN63c0bfc2,0,1,0,0,0,0,0,1,0,0,0,0,0
58a2b37bNcfce7c0f,0,0,1,0,0,0,0,0,1,0,0,0,0
59448912N4721f63a,0,0,1,0,0,0,0,0,1,0,1,0,0
58cb7dc7N14e60d5b,0,0,1,1,0,0,0,0,1,1,0,0,0
58a50aaaN7c5c4962,0,0,1,0,1,0,0,0,1,0,1,0,0
58a41edaN1ce79d7b,0,0,0,0,0,0,0,0,1,0,0,0,0
595d9697N538adcd9,0,1,0,0,0,0,0,0,0,0,0,0,0
594b2977N92d9785f,0,0,1,0,0,1,0,0,1,0,0,0,0
58abb16bN2cecb821,0,0,1,0,1,0,0,0,1,0,0,0,0
58a4259cN626c5086,0,1,0,0,0,0,0,0,1,1,0,0,0
58a2ca3cNf7785ff0,0,1,0,0,0,0,0,0,1,0,0,0,0
58ac160cN1ec7c705,0,1,0,0,0,0,0,1,0,0,0,1,0
58bf69ecNbd3a6b06,0,1,0,0,0,0,0,1,0,0,0,0,0
594c6a9eNd63368db,0,0,1,0,1,0,0,0,1,0,0,0,0
594c6a1eNf93f6795,0,0,0,0,0,0,0,0,1,0,1,0,0
594ccfbcN85e0cf49,0,0,1,0,1,0,0,0,1,0,0,0,0
594ccd8aN45e81a92,0,0,0,0,1,0,0,0,1,0,1,0,0
594cbc6cN0b1cc141,0,0,1,0,0,1,0,0,1,0,0,0,0
58db9b23N19e6d94b,0,0,0,0,0,0,0,0,1,0,1,0,0
58aa60c4N4fc1a5fe,0,0,0,0,0,0,0,1,0,0,1,0,0
58aa79acN09674e02,0,0,0,0,0,0,0,0,1,0,1,0,0
58a552c9Na00b3973,0,0,0,0,0,0,1,0,1,0,0,0,0
58b9762bN92652afb,0,0,1,0,0,0,0,0,1,0,0,0,0
58b3d27cN7c21dc92,0,1,0,0,0,0,1,0,0,0,0,1,0
58a66296N00ca4568,0,0,0,0,0,0,0,0,1,0,1,0,0
59570b3aN6a55d306,0,0,1,0,1,0,0,0,1,0,0,0,0
5956184eNc5e07420,0,0,0,0,1,0,0,0,1,0,1,0,0
595703c3N8657723d,0,1,0,0,1,0,0,0,1,1,0,0,0
5955c166N52e3a8b9,0,0,0,0,0,0,0,0,1,0,0,0,1
5955e272Ne09f4ae2,0,1,0,0,0,0,1,0,1,0,0,0,0
5954d26eN8ee50696,0,0,0,0,0,0,0,0,1,0,1,0,0
5954d10cN4684d1b7,0,0,0,0,0,0,0,0,1,0,1,0,0
5954d4ddNe45b6303,0,0,1,0,1,0,0,0,1,0,0,0,0
5954d618N7611eccb,0,1,0,0,1,0,0,1,0,0,0,0,0
5955ff05Nb491ac98,0,1,0,0,1,0,0,0,1,0,0,0,0
595eede0N5ef6299e,0,0,1,0,0,0,0,0,1,0,0,0,0
58a7f0b1N0bdda791,0,0,1,0,1,0,0,0,1,0,1,0,0
5926a46eN2eec245b,0,1,0,0,0,0,0,1,0,0,0,0,0
58aa4c08N1d73a08d,0,0,1,0,1,0,0,0,1,0,0,0,0
58a7f126N8db8b3f9,0,1,0,0,0,0,0,1,0,0,0,0,0
58fdae79N7913acff,0,0,1,0,1,0,0,0,1,0,0,0,0
58fee640N4136fabb,0,1,0,0,0,0,0,1,0,0,0,0,0
58fdae1eN31114f4a,0,0,1,0,0,0,0,0,1,0,0,0,0
58d47097N735e8405,0,0,0,0,0,0,0,0,1,0,1,0,0
58d2148fN00e20b09,0,0,1,0,1,0,0,0,1,0,0,0,0
58aaaafaNd044150c,0,1,0,0,0,0,0,0,1,0,0,0,0
58aa8160N54301c46,0,1,0,0,0,0,0,0,0,1,0,0,0
58afec0eN57541a2b,0,0,1,0,0,1,0,0,1,0,0,0,0
58d33883Nd7708ff1,0,0,1,0,1,0,0,0,1,0,0,0,0
58b0fa80Nc93b0e6b,0,1,0,0,0,0,0,0,0,0,0,0,0
58b772a2Ne00bd872,0,0,1,0,0,0,0,0,0,1,0,0,0
58b0f94fN1b898f8b,0,1,0,0,0,0,0,0,1,0,0,0,0
58b0e213N70c50f21,0,0,0,0,0,0,0,0,1,0,0,0,0
595bc4b9Ne38ced13,0,0,1,0,1,0,0,0,1,0,0,0,0
58b69377Ncf454e9e,0,1,0,0,0,0,0,0,0,0,0,1,0
595cf705N310ae528,0,0,1,0,1,0,0,0,1,0,0,0,0
595de94eNa14043c9,0,0,1,0,1,0,0,0,1,1,0,0,0
595db375Na27cb0cf,0,0,1,0,1,0,0,0,1,0,0,0,0
595ca6e4N2613c7f0,0,0,1,0,1,0,0,0,1,0,0,0,0
595caa61N653293a2,0,0,1,0,1,0,0,0,1,1,0,0,0
595cabafN389f6f68,0,0,1,0,1,0,0,0,1,0,0,0,0
595cad9eNe4f53d5b,0,0,1,0,1,0,0,1,1,0,0,0,0
58ce4fdfNf610d79c,0,0,1,0,0,1,0,0,0,1,0,0,0
595df5ceN2d9138c4,0,0,0,0,0,0,0,0,1,0,1,0,0
59657b18N5354ed86,0,0,0,0,1,0,0,0,1,0,1,0,0
59643aecN0b64d3e9,0,0,1,0,1,0,0,0,1,1,0,0,0
59643a2dN65705d4e,0,0,1,0,1,0,0,0,1,1,0,0,0
58d21af1Ned3ff04e,0,1,0,0,0,0,1,1,0,0,0,0,0
58ca98bfN54fafafd,0,0,0,1,0,0,0,0,1,0,0,0,0
596589dcNfd394506,0,0,0,0,0,0,0,0,1,0,1,0,0
58b5157cN9a4feaed,0,1,0,0,0,1,0,0,1,0,1,0,0
58b525fdNd68276e6,0,1,0,0,0,1,0,0,0,0,0,0,0
591567ecN662bdcad,0,0,0,0,0,0,0,0,1,1,0,0,1
58b52f6eN8bb5e2c2,0,0,1,0,0,0,0,0,1,0,0,0,0
58b4d188N293ef731,0,0,1,0,1,0,0,0,1,0,0,0,0
58d8ac73N62181dd3,0,0,0,0,0,0,0,1,0,0,1,0,0
58b6a699N6e608841,0,1,0,0,0,0,0,0,0,0,0,1,0
58b793f0Ne3e92624,0,0,1,0,1,0,0,0,1,0,1,0,0
58b54d8eN382a953b,0,0,1,0,1,0,0,0,1,0,1,0,0
596c447aN3a9f11aa,0,1,0,0,0,0,0,0,0,1,0,1,0
58b389f0Nd20ccac3,0,0,1,0,0,0,0,0,1,0,0,0,0
58d47358Nb5cecede,0,0,0,0,0,0,0,0,1,0,1,0,0
58fef0c3N34014433,0,1,0,0,0,0,0,1,0,0,0,0,0
58d48d8dNa792a7c9,0,0,1,0,1,0,0,0,1,1,0,0,0
58d35a3dN16d8a88f,0,0,0,0,0,0,0,0,1,0,1,0,0
58d32781N5a4d35aa,0,0,0,0,0,0,0,0,1,0,1,0,0
58d4aa7fNf868d810,0,0,0,0,0,0,0,0,1,0,1,0,0
58bbbc28Nfb805b68,0,0,1,0,0,0,0,0,1,0,0,0,0
58f56b7fN5a8a7f1c,0,1,0,0,0,0,0,0,0,0,0,1,0
58bba1f9Na0e66af0,0,1,0,0,0,0,0,1,0,0,0,0,0
596d64e4N66062498,0,0,1,0,0,1,0,0,1,0,0,0,0
58c8ae4bNd47f5a6b,0,0,0,0,0,0,0,0,1,0,1,0,0
59684281N6895396b,0,0,1,0,0,0,0,0,1,0,0,0,0
596886aeNf2414a8b,0,0,1,0,0,0,0,0,1,0,1,0,0
596890f7N3393f999,0,0,1,0,0,0,0,0,1,0,1,0,0
59688fc7N878aa906,0,0,1,0,0,0,0,0,1,0,1,0,0
5968789aN1ca4acd2,0,1,0,0,0,1,0,0,0,1,0,0,0
596eb76bNff1c8ee7,0,0,0,0,0,0,0,0,1,0,0,0,0
596b9943N56bebd42,0,0,1,0,1,0,0,0,1,0,1,0,0
58bfa261Nb97d9c7f,0,0,0,0,0,0,0,0,1,0,1,0,0
596ec245N5f538659,0,0,0,0,0,0,0,0,1,0,0,0,0
596ed559N32b6aa99,0,0,0,0,0,0,0,0,1,0,1,0,0
596ed146N6ceda46e,0,0,1,0,0,0,0,0,0,1,0,0,0
58b8f04eN459d4973,0,0,1,0,0,0,0,0,1,0,0,0,0
58be8044N0e1543f5,0,1,0,0,0,0,0,1,0,0,1,0,0
58be74dcN6177bd49,0,0,1,0,1,0,0,0,1,0,0,0,0
58c63c60N6659f2a3,0,0,0,0,0,1,0,0,1,0,0,0,0
58bfbdb6Nf4fb5afe,0,0,1,0,1,0,0,0,1,0,0,0,0
58bf5bafNd06e8eea,0,0,1,0,1,0,0,0,1,0,0,0,0
58c64a7dN1413c02c,0,0,0,0,0,0,0,0,1,0,0,0,0
58c0bd0bN23e4984d,0,0,1,0,1,0,0,0,1,0,0,0,0
58c6425dN85ac4824,0,0,1,0,0,1,0,0,1,0,0,0,0
59758cdbNf74bc3fe,0,0,0,0,1,0,0,0,1,0,1,0,0
5972c3fbNb4a46254,0,0,1,0,0,0,0,0,1,0,0,0,0
5972b9d2Nff481131,0,0,1,0,1,0,0,0,1,0,1,0,0
59758b14N2f97609e,0,0,0,0,0,0,0,0,1,0,1,0,0
5972b74bNb04471c5,0,0,1,0,0,0,0,0,1,0,0,0,0
5972ca3dN9ef414ca,0,0,1,0,1,0,0,0,1,0,0,0,0
5972c83dNd4a8d58d,0,0,1,0,0,0,0,0,1,0,1,0,0
5972b5f8Nc9d9ca1a,0,0,1,0,0,0,0,0,1,0,1,0,0
5972b4f7N59880c4f,0,0,0,0,1,0,0,0,1,0,1,0,0
59756ac3Nec03e19d,0,0,1,0,1,0,0,0,1,1,0,0,0
598a6978N8ad45e2f,0,0,1,0,0,1,0,0,1,0,1,0,0
597962b3N67baf493,0,1,0,0,0,1,0,0,0,0,0,0,0
58c0f359N20d12c4f,0,1,0,0,1,0,0,0,0,0,0,0,0
5975a27dN9451d687,0,0,1,0,1,0,0,0,1,0,0,0,0
59759bf2N9bf08c9d,0,1,0,0,1,0,0,0,0,1,0,0,0
58c61056N77efa557,0,0,1,0,1,0,0,0,1,0,0,0,0
59dc402bN7d309f5b,0,1,0,0,1,0,0,0,1,0,0,0,0
59780e08Nf8b1976b,0,1,0,0,1,0,0,0,1,0,0,0,0
59780a38Nf03d6c16,0,1,0,0,0,1,0,1,0,0,0,0,0
59786dcbN8d8f0009,0,0,0,0,0,0,0,0,1,0,0,0,0
59786ab9N3afade14,0,0,1,0,0,0,0,0,1,0,0,0,0
59786acdNb20ff1c6,0,0,1,0,0,0,0,0,1,0,0,0,0
597960ebN74625b86,0,0,1,0,0,1,0,0,1,0,0,0,0
59795ce0N3b5c088a,0,0,1,0,0,1,0,0,1,0,0,0,0
59795eaeN4d33d09c,0,0,1,0,0,0,1,0,1,0,0,0,0
59795cf7N88c3c281,0,1,0,0,0,0,0,0,1,0,0,0,0
5977f3eaN6025bb95,0,0,0,0,0,0,0,0,1,0,1,0,0
5977eea1Nccf4d348,0,0,1,0,1,0,0,0,1,1,0,0,0
58c23fa2Nc6bd0a41,0,1,0,0,1,0,0,1,0,0,0,1,0
58c7538eN5eb2a118,0,0,0,0,0,0,0,0,1,0,1,0,1
58c756fcNed80d41c,0,0,1,0,1,0,0,0,1,0,0,0,0
58c904d3N8829b663,0,1,0,0,0,0,0,0,1,0,0,0,0
58d1cd40N304a4958,0,1,0,0,0,0,0,1,0,0,0,0,0
58d0e907N99560dd2,0,1,0,0,0,0,0,1,0,0,0,0,0
58d1ce24N6df16e37,0,1,0,0,0,1,0,0,0,0,0,0,0
598910d2N4dea5077,0,0,1,0,0,0,0,0,1,0,0,0,0
597fef65N0a0afecf,0,0,0,0,0,0,0,0,1,0,0,0,0
597fdd96Ned7e1dff,0,0,1,0,1,0,0,0,1,0,0,0,0
58cf5c25Na546fe1e,0,1,0,0,0,0,0,0,0,0,0,1,0
59819935N8d1ccb34,0,1,0,0,0,0,0,1,0,0,0,1,0
5982d4a3N09bc5386,0,0,1,0,0,0,0,0,1,0,0,0,0
59883728N48908ba8,0,0,0,0,0,0,0,0,1,0,0,0,0
58cce71aN03aae85a,0,0,0,0,0,0,0,0,1,0,1,0,0
58ccfbbbNfcdfa650,0,0,0,0,0,0,0,0,1,0,1,0,1
58e8b165N4435a13c,0,0,1,0,0,0,0,0,1,0,0,0,0
598297cfN17b00992,0,1,0,0,0,0,0,0,1,0,0,0,0
58cce2f6Nbd3def6e,0,0,0,0,0,0,0,0,1,0,1,0,1
58cce343N7b502467,0,0,0,0,0,0,0,0,1,0,1,0,1
598273d1Ne180d500,0,0,1,0,0,1,0,0,1,0,0,0,0
5982db56Nedce344c,0,0,1,0,0,1,0,0,0,0,0,0,0
59840a0bN7aa30d43,0,0,0,0,0,0,0,0,1,1,0,0,0
59840c14Nb2c710a9,0,1,0,0,0,0,0,0,0,0,0,0,0
5996531bN94a362f1,0,0,0,1,0,0,0,0,0,1,1,0,0
59965328N02634a69,0,0,0,1,0,0,0,0,0,1,1,0,0
59829eb8Nfa72b238,0,0,0,0,0,0,0,0,1,1,0,0,0
58cf9369N559f766f,0,0,0,0,0,0,0,0,1,0,0,0,1
5983d0bbN42865ade,0,0,1,0,1,0,0,0,1,0,0,0,0
58d0f479Nd464ad43,0,1,0,0,0,0,0,0,0,0,1,0,0
58d0f0aaN9b60ca71,0,1,0,0,0,0,0,0,0,0,0,0,0
5983e2d1Nf0128678,0,1,0,0,0,0,0,0,1,1,0,0,0
5983e34aN81c3c4bd,0,0,1,0,0,0,0,0,1,1,0,0,0
58d229fcNb2cb2076,0,0,0,0,0,0,0,0,1,0,1,0,1
598822f3Nf87deef9,0,0,0,0,0,1,0,0,1,0,0,0,0
58ddeb23Ndc603084,0,0,1,0,0,0,0,0,1,1,0,0,0
58d9f2c1Nf4402282,0,0,1,0,1,0,0,0,1,1,0,0,0
5983cf8cNa6bfd48c,0,0,1,0,0,0,0,0,1,1,0,0,0
5983cc1fN3d8ae146,0,1,0,0,0,0,1,0,0,1,0,0,0
58e8ae1bNc2fb638c,0,0,1,0,0,0,0,0,1,0,0,0,0
599b9156N573d35e9,0,1,0,0,0,0,1,0,0,1,0,0,0
58d214f9Nb0834bb3,0,1,0,0,0,0,0,1,0,0,0,0,0
598aa12cNd10b90d8,0,0,1,0,1,0,0,0,1,1,0,0,0
598ad112N31886096,0,0,1,0,0,0,0,0,1,1,0,0,0
598a6d23N340f905f,0,0,1,0,1,0,0,0,1,0,0,0,0
598accf4N8f14f78f,0,0,1,0,0,0,0,0,1,1,0,0,0
598ab47bNd160c1ca,0,0,1,0,0,0,0,0,1,1,0,0,0
598910d9Nc2bbcff9,0,0,1,0,1,0,0,0,1,0,0,0,0
58de0ce1N5959e767,0,0,1,0,0,0,0,0,1,0,1,0,0
58de0952Nf923cd92,0,0,1,0,0,0,0,0,1,1,0,0,0
58d9c4c5N9deebb7d,0,0,1,0,1,0,0,0,1,0,0,0,0
58d9cc71Nee356046,0,0,1,0,0,0,0,0,0,1,0,0,0
58e8a61aN2d84abef,0,0,0,0,0,0,0,0,1,0,1,0,0
59dd709fNa6c49b79,0,0,1,0,1,0,0,0,1,1,0,0,0
59b26458N4c461083,0,1,0,0,0,0,0,1,0,0,0,0,0
59978cb7Nc0eafab8,0,1,0,0,0,1,0,1,0,0,0,0,0
59b77545Nf209b6ec,0,1,0,0,0,0,0,0,0,0,0,1,0
