58085ecdN8bb23aac,http://img13.360buyimg.com/img/jfs/t3469/255/399215587/111636/f48d7735/58085ecdN8bb23aac.jpg,0,1,1,0,0,0,0,0,0,0,0,0,0
57bab542N6c4ce0a1,http://img10.360buyimg.com/img/jfs/t3004/360/1018488572/206339/e5d4ea7d/57bab542N6c4ce0a1.jpg,0,1,0,0,0,0,0,0,0,0,0,0,0
57b6bb67Nf43e4339,http://img11.360buyimg.com/img/jfs/t2707/115/4245743645/251628/28b5c469/57b6bb67Nf43e4339.jpg,0,1,0,0,0,0,0,1,0,0,0,0,0
5805d40aNa7d92e9b,http://img10.360buyimg.com/img/jfs/t3622/321/182039964/359278/172e1428/5805d40aNa7d92e9b.jpg,0,0,1,0,1,0,0,0,1,0,0,0,0
57c5012eN0abc3ee9,http://img20.360buyimg.com/img/jfs/t3265/239/1034489875/293920/45e5724d/57c5012eN0abc3ee9.jpg,0,0,1,0,0,1,0,0,1,0,0,0,0
57c14fa2N61ed6861,http://img13.360buyimg.com/img/jfs/t3136/7/886745760/215350/e61b0a9e/57c14fa2N61ed6861.jpg,0,0,1,0,0,0,0,0,1,0,1,0,0
580c56b5N89d4a70f,http://img10.360buyimg.com/img/jfs/t3577/168/484460243/356566/ea770917/580c56b5N89d4a70f.jpg,0,0,1,0,1,0,0,0,1,0,0,0,0
58047265Nd6c07b78,http://img30.360buyimg.com/img/jfs/t3778/48/218534033/230498/be11b4d/58047265Nd6c07b78.jpg,0,1,0,0,0,0,0,0,1,0,0,0,0
57bd5265N893399af,http://img20.360buyimg.com/img/jfs/t3280/107/654236068/87717/e1eb3ddc/57bd5265N893399af.jpg,0,0,1,0,1,0,0,0,1,0,0,0,0
580b1b06N48ea8b80,http://img14.360buyimg.com/img/jfs/t3556/216/379240830/67663/ed214989/580b1b06N48ea8b80.jpg,0,1,0,0,0,1,0,0,0,0,0,0,0
5805f8d7N3a7a6bf0,http://img12.360buyimg.com/img/jfs/t3454/70/308861899/161332/dc55c383/5805f8d7N3a7a6bf0.jpg,0,0,1,0,1,0,0,0,1,0,0,0,0
57bc0968N417b3217,http://img30.360buyimg.com/img/jfs/t3220/246/648667003/301491/52f167d6/57bc0968N417b3217.jpg,0,0,1,0,1,0,0,0,1,0,0,0,0
580c8b51N03677a99,http://img14.360buyimg.com/img/jfs/t3574/64/519842502/119584/6384c64e/580c8b51N03677a99.jpg,0,0,1,0,0,1,0,0,1,0,0,0,0
57bc05e6Nca67dbea,http://img30.360buyimg.com/img/jfs/t3073/216/645474824/101245/ab3a4ee7/57bc05e6Nca67dbea.jpg,0,1,0,0,0,0,0,0,0,1,0,0,0
58087c18N474843d1,http://img13.360buyimg.com/img/jfs/t3625/342/386709629/157033/9a427963/58087c18N474843d1.jpg,0,0,1,0,1,0,0,0,1,0,0,0,0
581062c1N37812270,http://img30.360buyimg.com/img/jfs/t3319/4/659001904/110231/bf91ec01/581062c1N37812270.jpg,0,0,1,0,0,1,0,0,1,0,0,0,0
57c24649Neacd3298,http://img14.360buyimg.com/img/jfs/t3259/208/910358608/404958/2d929b04/57c24649Neacd3298.jpg,0,1,0,0,0,0,0,0,1,0,0,0,0
580c7d2cN6195a749,http://img10.360buyimg.com/img/jfs/t3742/116/462942506/138140/87c60aa2/580c7d2cN6195a749.jpg,0,0,1,0,0,1,0,0,1,0,0,0,0
57c139f6N187b5dac,http://img30.360buyimg.com/img/jfs/t3301/148/885080729/135197/19a6ce44/57c139f6N187b5dac.jpg,0,0,1,0,0,1,0,0,1,0,0,0,0
580f17f9N14412657,http://img30.360buyimg.com/img/jfs/t3799/244/609340006/179542/6bcaa0db/580f17f9N14412657.jpg,0,0,1,0,0,0,0,0,1,0,0,0,0
58071023N694b1c37,http://img10.360buyimg.com/img/jfs/t3757/160/351890953/179660/7af56f92/58071023N694b1c37.jpg,0,0,1,0,1,0,0,0,1,0,0,0,0
57bd3a95Na343b646,http://img10.360buyimg.com/img/jfs/t3079/36/672262722/450802/2508e296/57bd3a95Na343b646.jpg,0,0,1,0,1,0,0,0,1,0,0,0,0
580ba75dN6cefa731,http://img10.360buyimg.com/img/jfs/t3526/322/500692896/290435/3cd754ec/580ba75dN6cefa731.jpg,0,0,1,0,1,0,0,0,1,0,0,0,0
57bbe458N044b7734,http://img13.360buyimg.com/img/jfs/t3100/112/640512486/126781/7f733c1/57bbe458N044b7734.jpg,0,0,0,0,0,1,0,0,1,1,0,0,0
58077376Nc8922d67,http://img30.360buyimg.com/img/jfs/t3376/48/361225887/183085/1d9a09df/58077376Nc8922d67.jpg,0,0,1,0,0,1,0,0,1,0,0,0,0
57bd501dNb8307ea7,http://img30.360buyimg.com/img/jfs/t3079/39/706571490/353116/de5d8608/57bd501dNb8307ea7.jpg,0,0,1,0,0,0,0,0,1,0,0,0,0
57bcf3c9Nb1479b66,http://img30.360buyimg.com/img/jfs/t3073/303/640270522/242682/545509f0/57bcf3c9Nb1479b66.jpg,0,0,1,0,0,0,0,0,0,1,0,0,0
57bd5d62Na79232f6,http://img30.360buyimg.com/img/jfs/t3298/151/697031479/105504/9a03581e/57bd5d62Na79232f6.jpg,0,0,1,0,0,0,0,0,1,1,0,0,0
58085c96N97619ab0,http://img11.360buyimg.com/img/jfs/t3568/6/380212401/267960/ab4aa751/58085c96N97619ab0.jpg,0,1,0,0,0,0,0,0,0,0,0,1,0
5809bd2dN036ca95c,http://img10.360buyimg.com/img/jfs/t3391/250/309961928/408284/692118a8/5809bd2dN036ca95c.jpg,0,1,0,0,1,0,0,0,0,0,0,0,0
580c7906Ne92e0cca,http://img12.360buyimg.com/img/jfs/t3442/140/538524823/141125/ace31906/580c7906Ne92e0cca.jpg,0,0,1,0,0,0,0,0,1,0,0,0,0
581c514eN4c0f36fe,http://img10.360buyimg.com/img/jfs/t3850/128/863110946/117555/1dc3ad05/581c514eN4c0f36fe.jpg,0,0,1,0,0,1,0,0,0,0,0,1,0
57ce5cbeNb4c0d7cc,http://img11.360buyimg.com/img/jfs/t3292/103/1402674122/372253/c798c796/57ce5cbeNb4c0d7cc.jpg,0,1,0,0,0,0,0,0,1,0,0,0,0
57ce59edN7cba68ad,http://img13.360buyimg.com/img/jfs/t3097/264/1485473591/160616/f8030e3f/57ce59edN7cba68ad.jpg,0,0,1,0,0,0,0,0,1,1,0,0,0
57c63b2cNbeea3733,http://img11.360buyimg.com/img/jfs/t3124/189/1032851768/142807/83d10e54/57c63b2cNbeea3733.jpg,0,1,0,0,0,1,0,0,0,1,0,0,0
57c63a9aN4a5c0f73,http://img30.360buyimg.com/img/jfs/t3304/129/1092188109/145530/5ba6a15e/57c63a9aN4a5c0f73.jpg,0,1,1,0,0,0,0,0,0,1,0,0,0
57c63a10N128e10c7,http://img12.360buyimg.com/img/jfs/t3034/277/1548556702/107709/9ff2d7d2/57c63a10N128e10c7.jpg,1,1,0,0,0,0,0,0,0,1,0,0,0
57bfaa6aNa39d1176,http://img12.360buyimg.com/img/jfs/t3031/253/1100241167/303595/63dbb5d7/57bfaa6aNa39d1176.jpg,0,0,1,0,1,0,0,0,1,0,0,0,0
57c15a9fNf64ae445,http://img12.360buyimg.com/img/jfs/t3217/276/889453785/222611/da3f6dda/57c15a9fNf64ae445.jpg,0,1,0,0,0,0,0,0,0,0,0,0,0
581043bbN2b4d6a17,http://img20.360buyimg.com/img/jfs/t3493/135/660554300/144486/7a281472/581043bbN2b4d6a17.jpg,0,0,1,0,0,1,0,0,1,0,0,0,0
580f0766N176eae37,http://img12.360buyimg.com/img/jfs/t3658/227/601466448/152835/7bb8ad81/580f0766N176eae37.jpg,0,0,1,0,0,1,0,0,1,1,0,0,0
57c1064dNa5e600c6,http://img14.360buyimg.com/img/jfs/t3166/4/857535700/193408/abf60575/57c1064dNa5e600c6.jpg,0,1,0,0,0,0,0,0,1,0,0,0,0
57c7dce9Nae8012f9,http://img30.360buyimg.com/img/jfs/t3202/364/1195141739/142975/a4457e1e/57c7dce9Nae8012f9.jpg,0,0,1,0,1,0,0,0,1,0,0,0,0
57e3832dN4f1fa344,http://img12.360buyimg.com/img/jfs/t3091/209/2561244870/368152/ea867a72/57e3832dN4f1fa344.jpg,0,0,1,0,1,0,0,0,1,0,0,0,0
57c692e9Nf3dea456,http://img20.360buyimg.com/img/jfs/t3109/312/1100142451/96163/d69b1753/57c692e9Nf3dea456.jpg,0,0,1,0,1,0,0,0,1,0,0,0,0
580f166aN957bf8b3,http://img10.360buyimg.com/img/jfs/t3574/102/613818250/166641/404c081d/580f166aN957bf8b3.jpg,0,0,1,0,0,1,0,0,1,0,0,0,0
57c6353dN4744dd7a,http://img14.360buyimg.com/img/jfs/t3172/235/1083361594/56461/8351badd/57c6353dN4744dd7a.jpg,0,1,0,0,0,0,0,0,0,1,0,0,0
5809e6a9N997d1003,http://img12.360buyimg.com/img/jfs/t3793/90/439628766/285731/7a7ada16/5809e6a9N997d1003.jpg,0,0,1,0,0,0,0,0,1,0,0,0,0
57ce57f8Ne7fe6ecd,http://img12.360buyimg.com/img/jfs/t3025/319/1508387241/253177/8042877c/57ce57f8Ne7fe6ecd.jpg,0,1,0,0,0,0,0,0,0,0,0,1,0
57c554d7N1d624fde,http://img30.360buyimg.com/img/jfs/t3289/283/1026549169/322527/b2775f09/57c554d7N1d624fde.jpg,0,0,1,0,0,0,0,0,1,0,0,0,0
57bff47eNe0fcf648,http://img20.360buyimg.com/img/jfs/t3169/295/847583630/424604/c6a2e243/57bff47eNe0fcf648.jpg,0,0,1,0,0,0,0,0,1,0,0,0,0
580da5b8N0e1ec9eb,http://img14.360buyimg.com/img/jfs/t3499/166/577122691/195726/20a341d/580da5b8N0e1ec9eb.jpg,1,0,0,0,0,1,0,0,0,0,0,0,0
57c53624Neb500629,http://img20.360buyimg.com/img/jfs/t3199/33/1063504062/202582/1e22f0b2/57c53624Neb500629.jpg,0,0,1,0,1,0,0,0,1,0,0,0,0
57c52eedNbb93de7c,http://img20.360buyimg.com/img/jfs/t3259/110/1075313501/189964/979bf422/57c52eedNbb93de7c.jpg,0,0,1,0,1,0,0,0,1,0,0,0,0
580d8e6fN256d24d5,http://img10.360buyimg.com/img/jfs/t3784/207/565549299/320646/f48f2ce8/580d8e6fN256d24d5.jpg,0,0,1,0,0,1,0,0,0,1,0,0,0
580da1f2Nd6abd2b8,http://img20.360buyimg.com/img/jfs/t3385/56/584335192/486605/fd0c2217/580da1f2Nd6abd2b8.jpg,0,0,0,0,0,1,0,0,1,1,0,0,0
57c53bbbN050481c4,http://img20.360buyimg.com/img/jfs/t3145/108/1050213553/172054/4064cab9/57c53bbbN050481c4.jpg,0,0,1,0,1,0,0,0,1,0,0,0,0
57c798aaN7f24fe5e,http://img10.360buyimg.com/img/jfs/t3196/76/1218054811/88370/bd37b7df/57c798aaN7f24fe5e.jpg,0,0,1,0,1,0,0,0,1,0,0,0,0
57c536a6N7e60e0ba,http://img13.360buyimg.com/img/jfs/t3031/34/1364759026/224650/e740216d/57c536a6N7e60e0ba.jpg,0,0,1,0,0,0,0,0,0,1,0,0,0
581166adN37259398,http://img12.360buyimg.com/img/jfs/t3460/112/711967039/200686/34dc18c/581166adN37259398.jpg,0,0,1,0,0,1,0,0,1,0,0,0,0
58103b3eN657ecbe6,http://img12.360buyimg.com/img/jfs/t3367/321/649619576/118597/61b9d06d/58103b3eN657ecbe6.jpg,0,0,1,0,1,0,0,0,1,0,0,0,0
580ed859Nf3d35560,http://img14.360buyimg.com/img/jfs/t3688/68/493769897/173675/4ff930f7/580ed859Nf3d35560.jpg,0,1,0,0,0,0,0,0,1,0,0,0,0
580f074aN21bc9398,http://img11.360buyimg.com/img/jfs/t3478/360/570834586/104995/b4cca47c/580f074aN21bc9398.jpg,0,0,1,0,1,0,0,0,1,0,0,0,0
580eef91N25d37ed7,http://img10.360buyimg.com/img/jfs/t3334/180/585681196/172283/7b691805/580eef91N25d37ed7.jpg,0,0,1,0,0,0,0,0,1,0,0,0,0
581aef95Neb23963a,http://img10.360buyimg.com/img/jfs/t3676/331/1020616314/191852/9e0100df/581aef95Neb23963a.jpg,0,0,1,0,1,0,0,0,1,0,0,0,0
580f0a80Ndd34d3cf,http://img11.360buyimg.com/img/jfs/t3373/186/594767895/227489/74db737c/580f0a80Ndd34d3cf.jpg,0,0,1,0,0,0,0,0,1,0,0,0,0
57cd0c0dNbb50047a,http://img20.360buyimg.com/img/jfs/t3148/88/1454824137/112876/e23e8d66/57cd0c0dNbb50047a.jpg,0,0,1,0,0,0,0,0,1,0,0,0,0
57d25efcN3ae5ac7b,http://img30.360buyimg.com/img/jfs/t3049/30/1702938415/122278/216ca6d1/57d25efcN3ae5ac7b.jpg,0,0,1,0,0,0,0,0,1,0,0,0,0
581406a7N1e81e26b,http://img30.360buyimg.com/img/jfs/t3409/223/808246105/80012/b28365e8/581406a7N1e81e26b.jpg,0,0,1,0,1,0,0,0,1,0,0,0,0
57c52c22Na2cb0e73,http://img12.360buyimg.com/img/jfs/t3226/15/1057202266/380420/41d24dff/57c52c22Na2cb0e73.jpg,0,0,1,0,0,0,0,0,1,1,0,0,0
57c803f6N11fd35fc,http://img11.360buyimg.com/img/jfs/t3241/208/1220616223/337896/c678166e/57c803f6N11fd35fc.jpg,0,1,0,0,0,0,0,0,0,0,0,0,0
57c54ebfN9c9b5658,http://img12.360buyimg.com/img/jfs/t3268/306/1019146257/330122/d4866154/57c54ebfN9c9b5658.jpg,0,0,1,0,0,0,0,0,1,1,0,0,0
580f73baN350e9eeb,http://img14.360buyimg.com/img/jfs/t3640/253/627263469/375469/243baafc/580f73baN350e9eeb.jpg,0,0,1,0,1,0,0,0,1,0,0,0,0
580f0b66Nbd81c580,http://img13.360buyimg.com/img/jfs/t3319/221/611989801/92509/dcd5177c/580f0b66Nbd81c580.jpg,0,0,1,0,0,0,0,0,1,0,0,0,0
580ef3dcNbee37214,http://img13.360buyimg.com/img/jfs/t3766/67/605412267/141374/2496a65e/580ef3dcNbee37214.jpg,0,0,1,0,1,0,0,0,1,0,0,0,0
57c59754N80ad527a,http://img12.360buyimg.com/img/jfs/t3142/209/1052773105/469268/b6b094d/57c59754N80ad527a.jpg,0,0,1,0,1,0,0,0,1,0,0,0,0
57d6a001N8e6c8fe1,http://img12.360buyimg.com/img/jfs/t3142/242/1909205098/212835/b2b7c374/57d6a001N8e6c8fe1.jpg,0,0,1,0,0,0,0,0,1,1,0,0,0
57c6aaabN03c6b1db,http://img14.360buyimg.com/img/jfs/t3004/283/1512658829/343962/917167ef/57c6aaabN03c6b1db.jpg,0,1,0,0,0,1,1,0,0,0,0,0,0
580f5591Nfd4232ee,http://img12.360buyimg.com/img/jfs/t3586/148/631327970/155523/c67acfec/580f5591Nfd4232ee.jpg,0,0,1,0,0,0,0,0,1,1,0,0,0
581029feN1bdc25cc,http://img12.360buyimg.com/img/jfs/t3586/270/660079413/414517/1a69f678/581029feN1bdc25cc.jpg,0,1,0,0,0,0,0,1,0,0,0,0,0
57c64209N9e06302b,http://img10.360buyimg.com/img/jfs/t3226/21/1094966779/310228/5fc3ec4a/57c64209N9e06302b.jpg,0,1,0,0,0,0,0,1,0,0,0,0,0
57c68d65N41cceef3,http://img20.360buyimg.com/img/jfs/t3211/326/1124122459/437230/4bd8ceba/57c68d65N41cceef3.jpg,0,0,1,0,1,0,0,0,1,0,0,0,0
58102534N0f33c7f6,http://img11.360buyimg.com/img/jfs/t3427/326/651809626/338943/ad40c79d/58102534N0f33c7f6.jpg,0,0,1,0,0,0,0,0,1,0,0,0,0
58105093Nb2d63477,http://img12.360buyimg.com/img/jfs/t3415/160/626097506/179910/30c4abdb/58105093Nb2d63477.jpg,0,1,0,0,0,0,0,0,0,0,0,0,0
5810cfeaNeab5b8db,http://img12.360buyimg.com/img/jfs/t3742/318/662805169/231200/2583f7f2/5810cfeaNeab5b8db.jpg,0,0,1,0,1,0,0,0,1,0,0,0,0
58106092N5652110c,http://img20.360buyimg.com/img/jfs/t3325/365/565075677/188850/be201e6b/58106092N5652110c.jpg,0,1,0,0,0,0,0,0,0,1,1,0,0
581172adN1136ce20,http://img30.360buyimg.com/img/jfs/t3793/278/678641881/274203/d399415e/581172adN1136ce20.jpg,0,0,1,0,0,1,0,0,1,0,0,0,0
5811a356N0cc4e04d,http://img14.360buyimg.com/img/jfs/t3754/79/589935154/175159/49f314d5/5811a356N0cc4e04d.jpg,0,0,1,0,0,1,0,0,1,0,0,0,0
57d27366Ne49b6456,http://img20.360buyimg.com/img/jfs/t3187/256/1727180126/101128/ca0666de/57d27366Ne49b6456.jpg,0,0,1,0,0,0,0,0,1,0,0,0,0
5812ac07N5e6f8292,http://img13.360buyimg.com/img/jfs/t3793/124/766216291/309122/ed5ff7a4/5812ac07N5e6f8292.jpg,0,0,1,0,0,0,0,0,1,0,0,0,0
57cac440Nd9cb9cbf,http://img14.360buyimg.com/img/jfs/t3286/137/1394893768/93695/ccfb251e/57cac440Nd9cb9cbf.jpg,0,0,1,0,0,0,0,0,1,1,0,0,0
581c84edN7ca98e36,http://img20.360buyimg.com/img/jfs/t3433/155/1098142510/496435/c8ad1c1b/581c84edN7ca98e36.jpg,0,1,0,0,0,0,0,0,0,0,0,1,0
57d65714N446cfc7b,http://img13.360buyimg.com/img/jfs/t3139/317/1891125307/87144/92bfbad7/57d65714N446cfc7b.jpg,0,0,1,0,0,0,0,0,1,0,0,0,0
57cf8d88Nc6d47489,http://img20.360buyimg.com/img/jfs/t3187/359/1577280004/142553/f13bec24/57cf8d88Nc6d47489.jpg,0,0,1,0,0,1,0,0,1,0,0,0,0
57ca7692N612ec4d8,http://img20.360buyimg.com/img/jfs/t3019/192/1748291557/133027/9921e2b8/57ca7692N612ec4d8.jpg,0,1,0,0,0,0,0,1,0,0,0,1,0
581c7526N22474722,http://img13.360buyimg.com/img/jfs/t3733/332/1130569908/415408/eecb3ebb/581c7526N22474722.jpg,0,0,1,0,1,0,0,0,1,0,0,0,0
58141dc8Nfa5b32a3,http://img12.360buyimg.com/img/jfs/t3661/8/762869009/113608/bb182918/58141dc8Nfa5b32a3.jpg,0,0,1,0,1,0,0,0,1,0,0,0,0
57de00feN6f1bbd43,http://img12.360buyimg.com/img/jfs/t3175/69/2193813572/163758/193cd31d/57de00feN6f1bbd43.jpg,0,0,1,0,0,0,0,0,1,0,0,0,0
57da6508Nf8bcd3a0,http://img14.360buyimg.com/img/jfs/t3052/365/2070483906/364242/1bf5ce31/57da6508Nf8bcd3a0.jpg,0,0,1,0,0,0,0,1,0,0,1,0,0
5812bfbfNbd84c39f,http://img20.360buyimg.com/img/jfs/t3832/40/497070001/102508/2a5ea282/5812bfbfNbd84c39f.jpg,0,0,1,0,1,0,0,0,1,0,0,0,0
5818580cN55f32ebf,http://img13.360buyimg.com/img/jfs/t3382/347/890485250/461404/8f2ad2af/5818580cN55f32ebf.jpg,0,0,1,0,1,0,0,0,1,0,0,0,0
57cacaadN40bc9e6b,http://img13.360buyimg.com/img/jfs/t3220/191/1264916836/132143/65f7a571/57cacaadN40bc9e6b.jpg,0,0,1,0,0,0,0,0,1,1,0,0,0
57cac326N6f12c11e,http://img11.360buyimg.com/img/jfs/t3124/133/1285619262/110747/8f28cbcf/57cac326N6f12c11e.jpg,0,0,1,0,0,0,0,0,1,1,0,0,0
57cfddcaNb2889efe,http://img30.360buyimg.com/img/jfs/t3298/131/1578905553/193524/56cdbe33/57cfddcaNb2889efe.jpg,0,0,1,0,0,1,0,0,1,1,0,0,0
5819af49Na2093c1c,http://img14.360buyimg.com/img/jfs/t3382/363/924595008/120164/752c6efa/5819af49Na2093c1c.jpg,0,0,1,0,0,0,0,0,1,0,0,0,0
58186acdNef496d58,http://img30.360buyimg.com/img/jfs/t3457/186/871443255/363442/fff4b77f/58186acdNef496d58.jpg,0,1,0,0,0,0,0,0,0,0,0,1,0
58170ab3Nb226ffbe,http://img11.360buyimg.com/img/jfs/t3634/17/898143537/410569/cd0ddf49/58170ab3Nb226ffbe.jpg,0,0,1,0,1,0,0,0,1,0,0,0,0
58172d5fNff0b65eb,http://img10.360buyimg.com/img/jfs/t3613/165/855656612/189674/99976be8/58172d5fNff0b65eb.jpg,0,0,1,0,0,0,0,0,1,0,0,0,0
57e0975eNf7f8e868,http://img30.360buyimg.com/img/jfs/t3262/206/2355921032/244102/9928cf16/57e0975eNf7f8e868.jpg,0,1,0,0,0,0,0,0,0,0,0,0,0
57d24f05N8a101c5b,http://img14.360buyimg.com/img/jfs/t3292/193/1580958603/96850/552f36b3/57d24f05N8a101c5b.jpg,0,0,1,0,0,0,0,0,1,0,0,0,0
57d24e1cN2cd7fb84,http://img14.360buyimg.com/img/jfs/t3184/17/1678621020/65213/9943f10b/57d24e1cN2cd7fb84.jpg,0,0,1,0,0,0,0,0,1,1,0,0,0
57d4f2c9Nf98eb71f,http://img11.360buyimg.com/img/jfs/t3127/108/1793616422/338882/84065117/57d4f2c9Nf98eb71f.jpg,0,0,1,0,1,0,0,0,1,0,1,0,0
57d26085N935e76b6,http://img30.360buyimg.com/img/jfs/t3175/258/1697249763/431412/b5cfc506/57d26085N935e76b6.jpg,0,1,0,0,0,0,1,0,0,0,0,0,0
57d8f688N648f3338,http://img13.360buyimg.com/img/jfs/t3046/146/2011180836/175731/53066b4b/57d8f688N648f3338.jpg,0,0,1,0,0,0,0,1,0,0,0,0,0
57cd7f38N26169eb8,http://img14.360buyimg.com/img/jfs/t3136/303/1467054278/321216/550143d8/57cd7f38N26169eb8.jpg,0,0,1,0,1,0,0,0,1,0,0,0,0
57cd800fN934065a6,http://img30.360buyimg.com/img/jfs/t3283/14/1499386790/417826/48f87b4d/57cd800fN934065a6.jpg,0,0,1,0,0,0,0,0,1,0,0,0,0
5819e2fcN3c7f8828,http://img13.360buyimg.com/img/jfs/t3424/177/892937726/307984/c27498aa/5819e2fcN3c7f8828.jpg,0,1,0,0,1,0,0,0,1,0,0,0,0
57ce5928Nfb252195,http://img30.360buyimg.com/img/jfs/t3178/137/1493926959/180786/31453493/57ce5928Nfb252195.jpg,0,0,0,0,0,1,0,1,0,0,0,0,0
5819d667N9a6e25da,http://img10.360buyimg.com/img/jfs/t3418/257/992137643/316080/9ccb63ba/5819d667N9a6e25da.jpg,0,0,1,1,0,0,0,0,1,0,0,0,0
57cfe1b6N4b2ebbef,http://img13.360buyimg.com/img/jfs/t3079/347/1593729266/71424/a2e4e1bc/57cfe1b6N4b2ebbef.jpg,0,0,1,0,0,0,1,0,1,0,0,0,0
57ce70beN8b346d58,http://img12.360buyimg.com/img/jfs/t3010/280/1905962667/105204/ef08926a/57ce70beN8b346d58.jpg,0,0,1,0,1,0,0,0,1,0,0,0,0
581ad58eNd43ff087,http://img12.360buyimg.com/img/jfs/t3835/154/787147735/143058/675770d5/581ad58eNd43ff087.jpg,0,0,1,0,0,0,1,0,1,0,0,0,0
57ce9a75Nb0e45b45,http://img10.360buyimg.com/img/jfs/t3226/62/1513210417/247977/46739785/57ce9a75Nb0e45b45.jpg,0,0,1,0,0,0,0,0,1,0,1,0,0
581c67a3Nfa3749e8,http://img14.360buyimg.com/img/jfs/t3802/240/1084987915/333860/2090c8ea/581c67a3Nfa3749e8.jpg,0,0,1,0,0,1,0,0,1,0,0,0,0
58356c27N8983683f,http://img11.360buyimg.com/img/jfs/t3601/34/1937217846/446831/27c4396a/58356c27N8983683f.jpg,0,0,1,0,0,1,0,0,1,0,0,0,0
57cfb7c0Nf9729a93,http://img13.360buyimg.com/img/jfs/t3157/188/1572098781/163959/5d9731e0/57cfb7c0Nf9729a93.jpg,0,0,1,0,0,1,0,0,0,0,0,0,0
581c0fa9N0a8ebc94,http://img10.360buyimg.com/img/jfs/t3433/280/1048763999/143858/8ab89e7f/581c0fa9N0a8ebc94.jpg,0,0,1,0,1,0,0,0,1,0,0,0,0
58242128N883db8ba,http://img13.360buyimg.com/img/jfs/t3376/331/1361309373/62282/caf3e9f/58242128N883db8ba.jpg,0,0,1,0,0,1,0,0,1,0,0,0,0
581c4b5bN8785d90f,http://img12.360buyimg.com/img/jfs/t3595/167/1081727340/371772/7f2501d6/581c4b5bN8785d90f.jpg,0,1,0,0,1,0,0,0,1,0,0,0,0
581c4b14N0aa0bae6,http://img12.360buyimg.com/img/jfs/t3370/284/1093135532/358537/8427c879/581c4b14N0aa0bae6.jpg,0,1,0,0,1,0,0,0,1,0,0,0,0
58213f40Nbd47e753,http://img11.360buyimg.com/img/jfs/t3544/189/1209591786/584537/738f9fd/58213f40Nbd47e753.jpg,0,0,1,0,0,1,0,0,1,0,0,0,0
57cfe02cNb04e2f6e,http://img30.360buyimg.com/img/jfs/t3265/41/1592615662/112769/dc5101fd/57cfe02cNb04e2f6e.jpg,0,0,1,0,0,1,0,0,1,1,0,0,0
581c5916Ndb021ddc,http://img14.360buyimg.com/img/jfs/t3634/128/1113391579/305862/4408b106/581c5916Ndb021ddc.jpg,0,0,1,0,1,0,0,0,1,0,0,0,0
58204570N9e93e630,http://img12.360buyimg.com/img/jfs/t3601/37/1260156895/157799/e6df2e8/58204570N9e93e630.jpg,0,0,1,0,0,0,0,0,1,0,0,0,0
58204591Na16cdce8,http://img11.360buyimg.com/img/jfs/t3412/198/1171754495/176220/41ceac87/58204591Na16cdce8.jpg,0,0,1,0,1,0,0,0,1,0,0,0,0
57d27ea0N4949b1b1,http://img12.360buyimg.com/img/jfs/t3229/21/1744529904/118842/9d716af6/57d27ea0N4949b1b1.jpg,1,1,0,0,0,0,0,0,0,0,0,0,0
57d27fa8Ne877c5c9,http://img10.360buyimg.com/img/jfs/t3121/39/1720337750/150866/fe039c02/57d27fa8Ne877c5c9.jpg,1,1,0,0,0,0,0,0,0,0,0,0,0
58229be1N90051c06,http://img13.360buyimg.com/img/jfs/t3319/223/1311147950/352487/8879327a/58229be1N90051c06.jpg,0,0,1,0,1,0,0,0,1,0,0,0,0
5822a3a2N358aab37,http://img13.360buyimg.com/img/jfs/t3784/166/1331538205/369690/4f2c440/5822a3a2N358aab37.jpg,0,0,1,0,1,0,0,0,1,0,0,0,0
5821a3afN2d24b3e7,http://img11.360buyimg.com/img/jfs/t3721/5/1180410458/631143/bde21672/5821a3afN2d24b3e7.jpg,0,1,0,0,1,0,0,0,1,0,0,0,0
57d0ef59N1cc523b2,http://img20.360buyimg.com/img/jfs/t3064/319/1646618597/150459/121f9df9/57d0ef59N1cc523b2.jpg,0,0,1,0,0,1,0,0,1,1,0,0,0
57d22366N74904957,http://img13.360buyimg.com/img/jfs/t3259/208/1657981804/62648/7be9d778/57d22366N74904957.jpg,0,1,0,0,0,0,0,1,0,1,0,0,0
58243000Ne23373c3,http://img20.360buyimg.com/img/jfs/t3460/358/1354895257/117168/72244c41/58243000Ne23373c3.jpg,0,0,1,0,0,0,0,0,1,1,0,0,0
57dfa6f1N3ffb5c9c,http://img14.360buyimg.com/img/jfs/t3151/168/2321883735/172070/de4633d4/57dfa6f1N3ffb5c9c.jpg,0,0,1,0,1,0,0,0,1,0,0,0,0
57d23abeNa2e8879e,http://img12.360buyimg.com/img/jfs/t3265/329/1646541927/315172/3a1e8609/57d23abeNa2e8879e.jpg,0,1,0,0,0,0,0,0,1,1,0,0,0
58252ff2N8aa5ab6c,http://img12.360buyimg.com/img/jfs/t3466/256/1393608253/269929/bd8cd736/58252ff2N8aa5ab6c.jpg,0,0,1,0,1,0,0,0,1,0,0,0,0
57d8de9bN39de6769,http://img30.360buyimg.com/img/jfs/t3097/25/2016512690/66125/732552c0/57d8de9bN39de6769.jpg,0,0,1,0,0,1,0,0,1,0,0,0,0
5826dc46Nbbd42934,http://img11.360buyimg.com/img/jfs/t3712/349/1405562019/66112/20333429/5826dc46Nbbd42934.jpg,0,0,1,0,0,0,0,0,1,0,0,0,0
58325a90Nf7798394,http://img14.360buyimg.com/img/jfs/t3556/82/1685782042/201702/7cbf3dc3/58325a90Nf7798394.jpg,0,1,0,0,0,0,0,0,0,1,0,0,0
57df853cN22ae1c42,http://img10.360buyimg.com/img/jfs/t3106/35/2313284401/135060/4a145619/57df853cN22ae1c42.jpg,0,1,0,0,0,0,0,1,0,0,0,0,0
57d7937cN3b2eab26,http://img12.360buyimg.com/img/jfs/t3295/105/1964182978/246600/57c1b12/57d7937cN3b2eab26.jpg,0,1,0,0,0,0,0,1,0,0,0,0,0
582acbe9N8024b7dd,http://img13.360buyimg.com/img/jfs/t3790/363/1558977567/289383/3cbc2683/582acbe9N8024b7dd.jpg,0,0,1,0,1,0,0,0,1,0,0,0,0
582bd2e3Nf00145fd,http://img13.360buyimg.com/img/jfs/t3628/144/1552075536/383052/35c7ded8/582bd2e3Nf00145fd.jpg,0,0,1,0,1,0,0,0,1,0,0,0,0
582eb541N433bd12a,http://img30.360buyimg.com/img/jfs/t3499/351/1701236785/246345/e6eca15d/582eb541N433bd12a.jpg,0,1,0,0,0,1,0,0,0,0,0,0,0
582d5056N3c0d117c,http://img11.360buyimg.com/img/jfs/t3394/46/1631356343/151145/37ead5ef/582d5056N3c0d117c.jpg,0,0,1,0,0,1,0,0,1,0,0,0,0
582c0153N2a139da6,http://img14.360buyimg.com/img/jfs/t3802/322/1619451592/140776/51021ba4/582c0153N2a139da6.jpg,0,0,1,0,0,1,1,0,1,0,0,0,0
582d11c4N094d5d4b,http://img11.360buyimg.com/img/jfs/t3532/105/1654126063/104545/480cc534/582d11c4N094d5d4b.jpg,0,0,1,0,1,0,0,0,1,0,0,0,0
58327360N7510f5f7,http://img30.360buyimg.com/img/jfs/t3742/142/1785757904/242014/b1ea2066/58327360N7510f5f7.jpg,0,1,0,0,0,1,0,0,0,1,0,0,0
58326f9fN59177b5d,http://img20.360buyimg.com/img/jfs/t3817/132/1571571534/360322/1d3e3ae9/58326f9fN59177b5d.jpg,0,1,0,0,0,0,1,0,0,0,0,0,0
57d8a345N2dfa436f,http://img11.360buyimg.com/img/jfs/t3220/297/1911334873/532903/e50a9b9a/57d8a345N2dfa436f.jpg,0,1,0,0,0,1,0,0,1,0,0,0,0
57d9188bNd9a51134,http://img30.360buyimg.com/img/jfs/t3250/248/2028860858/95311/67a92131/57d9188bNd9a51134.jpg,0,0,1,0,0,0,0,0,1,0,0,0,0
57d8eeaeN38e288f3,http://img12.360buyimg.com/img/jfs/t3130/271/2002492374/147273/3def33f6/57d8eeaeN38e288f3.jpg,0,0,1,0,0,0,0,0,1,0,0,0,0
57d8e6b5N2ea8658b,http://img14.360buyimg.com/img/jfs/t3064/234/2032459702/229537/4a6ccfa7/57d8e6b5N2ea8658b.jpg,0,0,1,0,0,0,0,0,1,0,0,0,0
57d79e1fNf0ed1bbd,http://img12.360buyimg.com/img/jfs/t3157/8/1916560845/169634/bc822446/57d79e1fNf0ed1bbd.jpg,0,1,0,0,0,0,0,0,0,0,0,0,0
582d1344N11cc9cc2,http://img13.360buyimg.com/img/jfs/t3547/41/1547333367/377426/97e0494e/582d1344N11cc9cc2.jpg,0,0,1,0,1,0,0,0,1,0,0,0,0
57ff45f7N35256e0d,http://img20.360buyimg.com/img/jfs/t3451/363/103720691/148185/9100665d/57ff45f7N35256e0d.jpg,0,0,1,0,0,0,0,0,1,0,0,0,0
57d6511dNd1e388c4,http://img13.360buyimg.com/img/jfs/t3124/331/1840942895/173136/d81348b9/57d6511dNd1e388c4.jpg,0,0,1,0,1,0,0,0,1,0,0,0,0
582d10a8N9b4854b2,http://img13.360buyimg.com/img/jfs/t3592/197/1640833796/88511/229fb69/582d10a8N9b4854b2.jpg,0,0,1,0,0,0,0,0,0,1,0,0,0
57d8e8d7N55da3f0d,http://img30.360buyimg.com/img/jfs/t3091/267/2068673516/277098/c1611055/57d8e8d7N55da3f0d.jpg,0,0,1,0,1,0,0,0,1,0,0,0,0
57d8c5dfNa9b087ba,http://img10.360buyimg.com/img/jfs/t3184/213/2038450440/167765/812e61d7/57d8c5dfNa9b087ba.jpg,0,1,0,0,0,0,0,0,0,1,0,0,0
57d8e3bdNea3260ff,http://img10.360buyimg.com/img/jfs/t3283/82/2066937523/103314/a04340fd/57d8e3bdNea3260ff.jpg,0,0,1,0,0,1,0,0,1,0,0,0,0
58427af4N6e22c905,http://img10.360buyimg.com/img/jfs/t3538/214/2104965041/139143/369d0b69/58427af4N6e22c905.jpg,0,1,0,0,0,0,0,0,1,0,0,0,0
57df54e1Nca473252,http://img10.360buyimg.com/img/jfs/t3181/229/2318191279/224836/13a5b6be/57df54e1Nca473252.jpg,0,1,0,0,0,1,0,0,0,0,0,0,0
57df5585Nd7a6a758,http://img11.360buyimg.com/img/jfs/t3094/216/2274512946/152391/79591906/57df5585Nd7a6a758.jpg,0,0,1,0,0,1,0,0,1,0,0,0,0
57d77d86N11720aa9,http://img20.360buyimg.com/img/jfs/t3286/59/2043814503/239455/b24ac250/57d77d86N11720aa9.jpg,0,0,1,0,0,0,0,0,1,0,0,0,0
57d8be6aNc5e86269,http://img10.360buyimg.com/img/jfs/t3286/170/2074331801/478530/57c15782/57d8be6aNc5e86269.jpg,0,1,0,0,0,0,0,0,1,0,0,0,0
57d61f4aNfa90ed6c,http://img10.360buyimg.com/img/jfs/t3265/287/1877030927/356457/b7d1b06f/57d61f4aNfa90ed6c.jpg,0,0,1,0,0,0,0,0,1,0,0,0,0
582eb2d6N93d401f5,http://img30.360buyimg.com/img/jfs/t3568/42/1678790708/324554/8ab3fc35/582eb2d6N93d401f5.jpg,0,0,1,0,0,0,0,0,1,0,0,0,0
582eb541N45807fbb,http://img14.360buyimg.com/img/jfs/t3619/289/1721044774/349764/6592dc44/582eb541N45807fbb.jpg,0,0,1,0,1,0,0,0,1,0,0,0,0
583b8a0cN7abefa99,http://img11.360buyimg.com/img/jfs/t3964/126/71703274/415892/e1299b9d/583b8a0cN7abefa99.jpg,0,0,1,0,0,0,0,0,0,1,0,0,0
58369bcfN8f24eaa5,http://img13.360buyimg.com/img/jfs/t3385/175/1922614686/136412/6dd17657/58369bcfN8f24eaa5.jpg,0,0,1,0,1,0,0,0,1,0,0,0,0
583110c6Nf0190c71,http://img13.360buyimg.com/img/jfs/t3526/158/1740874709/184232/32ff4fa2/583110c6Nf0190c71.jpg,0,0,1,0,0,0,0,0,1,0,0,0,0
5836a74bN97a69a3f,http://img13.360buyimg.com/img/jfs/t3598/150/1932292615/199346/7138b19d/5836a74bN97a69a3f.jpg,0,0,1,0,1,0,0,0,1,0,0,0,0
58355e17Nbb635dd1,http://img20.360buyimg.com/img/jfs/t3379/344/1941355287/156276/bda11b45/58355e17Nbb635dd1.jpg,0,0,1,0,0,1,0,0,1,0,0,0,0
582ec476Nb43aff1b,http://img10.360buyimg.com/img/jfs/t3541/320/1703318331/85734/deceb49a/582ec476Nb43aff1b.jpg,0,0,1,0,0,0,0,0,1,0,0,0,0
57d79f4aN3d831a59,http://img14.360buyimg.com/img/jfs/t3298/291/1973922590/233461/26e1d9cd/57d79f4aN3d831a59.jpg,0,0,1,0,0,0,0,1,0,0,0,0,0
57d7a9a8Nad8eeee1,http://img11.360buyimg.com/img/jfs/t3025/317/1972280685/146049/72b55780/57d7a9a8Nad8eeee1.jpg,0,0,1,0,1,0,0,0,1,0,0,0,0
57e257c2N0b00d2fa,http://img20.360buyimg.com/img/jfs/t3286/211/2562496287/377847/9255aef4/57e257c2N0b00d2fa.jpg,0,0,1,0,0,0,0,0,1,0,0,0,0
57d7759eN866c2f11,http://img11.360buyimg.com/img/jfs/t3121/321/1982834003/249139/faade824/57d7759eN866c2f11.jpg,0,0,1,0,0,0,0,0,1,0,0,0,0
57d902e7Nd797d74a,http://img14.360buyimg.com/img/jfs/t3118/31/2047226380/59279/7e12eb91/57d902e7Nd797d74a.jpg,0,1,0,0,0,1,0,0,0,1,0,0,0
583530aaN2f4c834e,http://img14.360buyimg.com/img/jfs/t3790/322/1951364053/134294/8181b0d2/583530aaN2f4c834e.jpg,0,0,1,0,1,0,0,0,1,0,0,0,0
58328046N2ab9fcb9,http://img30.360buyimg.com/img/jfs/t3430/333/1780884667/418741/2a3712b7/58328046N2ab9fcb9.jpg,0,0,1,0,1,0,0,1,1,0,0,0,0
58328103Na15da920,http://img13.360buyimg.com/img/jfs/t3688/283/1654580291/400497/77ddc101/58328103Na15da920.jpg,0,0,1,0,1,0,0,0,1,0,0,0,0
58327ae9N4a8c3aa4,http://img11.360buyimg.com/img/jfs/t3766/337/1764656507/385666/8e6c1c10/58327ae9N4a8c3aa4.jpg,0,0,1,0,1,0,0,0,1,0,0,0,0
583266edN27331dd2,http://img30.360buyimg.com/img/jfs/t3562/360/1810011288/399562/50ebab28/583266edN27331dd2.jpg,0,0,1,0,1,0,0,0,1,0,0,0,0
57d75efdN8811e256,http://img10.360buyimg.com/img/jfs/t3097/186/1924074441/259142/5daf3b7a/57d75efdN8811e256.jpg,0,0,1,0,0,0,0,0,1,0,1,0,0
57df92f2Nb5bc9d50,http://img30.360buyimg.com/img/jfs/t3199/159/2283640452/175928/27b0d512/57df92f2Nb5bc9d50.jpg,0,1,0,0,0,1,0,0,0,1,0,0,0
57d67af9N770b2262,http://img10.360buyimg.com/img/jfs/t3118/62/1876458584/103228/75af29b0/57d67af9N770b2262.jpg,0,0,0,0,0,1,0,0,0,0,0,1,0
57d76ca3N92a7c1da,http://img10.360buyimg.com/img/jfs/t3001/164/2298773796/249580/98a39da0/57d76ca3N92a7c1da.jpg,0,0,0,0,0,0,0,0,0,0,1,0,1
57de3a2cN18f1e0f2,http://img10.360buyimg.com/img/jfs/t3067/224/2251975176/131041/6335d490/57de3a2cN18f1e0f2.jpg,0,0,1,0,0,1,0,0,0,1,0,0,0
583e3f7cN589b2ba8,http://img14.360buyimg.com/img/jfs/t3523/172/1999943003/266205/337ee2ef/583e3f7cN589b2ba8.jpg,0,1,0,0,0,1,0,0,0,0,0,0,0
5833dc2bN4a0b2abf,http://img20.360buyimg.com/img/jfs/t3448/315/1843190377/446896/c7fb609d/5833dc2bN4a0b2abf.jpg,0,0,1,0,1,0,0,0,1,0,0,0,0
58369c56N0ae5ca79,http://img11.360buyimg.com/img/jfs/t3640/62/1974949399/220653/4f62d270/58369c56N0ae5ca79.jpg,0,0,0,0,0,0,0,0,0,0,0,0,1
5833efc9Nb9e52b41,http://img20.360buyimg.com/img/jfs/t3703/278/1897169005/349954/c9c92f75/5833efc9Nb9e52b41.jpg,0,1,0,0,0,0,0,1,0,0,0,1,0
57df6046Na4743faf,http://img20.360buyimg.com/img/jfs/t3256/293/2277551621/320663/aa365076/57df6046Na4743faf.jpg,0,0,0,0,0,0,0,1,0,0,0,1,0
57e24feeN71fc74ac,http://img30.360buyimg.com/img/jfs/t3154/300/2482629659/67981/be9f71f/57e24feeN71fc74ac.jpg,0,1,0,0,0,1,0,0,0,1,0,0,0
57d784b2N943ca631,http://img10.360buyimg.com/img/jfs/t2998/164/2364050531/105137/c34de1e5/57d784b2N943ca631.jpg,0,0,1,0,1,0,0,0,1,1,0,0,0
57e60ccaN9582b46a,http://img14.360buyimg.com/img/jfs/t3208/296/2821832294/205816/8eeeece2/57e60ccaN9582b46a.jpg,0,0,1,0,1,0,0,0,1,0,0,0,0
57d8f7beN30438183,http://img10.360buyimg.com/img/jfs/t3010/203/2465053253/390775/c0da7ad7/57d8f7beN30438183.jpg,0,0,1,0,0,0,0,0,1,1,0,0,0
58353681N925af85c,http://img13.360buyimg.com/img/jfs/t3652/116/1865632594/365932/4963451/58353681N925af85c.jpg,0,0,1,0,1,0,0,0,1,1,0,0,0
58364f4aN73cf92e2,http://img13.360buyimg.com/img/jfs/t3100/321/4148272211/361254/deb4ff98/58364f4aN73cf92e2.jpg,0,0,1,0,1,0,0,0,1,0,0,0,0
58367290Nd9b58a69,http://img14.360buyimg.com/img/jfs/t3670/338/1948615372/248163/eee05511/58367290Nd9b58a69.jpg,0,0,1,0,1,0,0,0,0,0,0,0,0
58364917N39de5866,http://img13.360buyimg.com/img/jfs/t3109/302/4212856909/356111/c2634985/58364917N39de5866.jpg,0,0,1,0,1,0,0,0,1,0,0,0,0
57d8fd96Ncd723d87,http://img30.360buyimg.com/img/jfs/t3259/206/2082028808/201572/4e20c1a2/57d8fd96Ncd723d87.jpg,0,1,0,0,0,0,0,0,0,1,0,0,0
58354e0eNe9a68afc,http://img13.360buyimg.com/img/jfs/t3694/167/1885397609/261508/fa35bc75/58354e0eNe9a68afc.jpg,0,0,1,0,1,0,0,0,1,0,0,0,0
57d7ffbbN7e236f63,http://img11.360buyimg.com/img/jfs/t3115/226/2013983415/185062/77f42e61/57d7ffbbN7e236f63.jpg,1,1,0,0,0,0,0,1,0,0,0,0,0
57d7fedbNf96e8644,http://img10.360buyimg.com/img/jfs/t3022/15/2393841435/163169/cdea8428/57d7fedbNf96e8644.jpg,1,1,0,0,0,0,0,1,0,0,0,0,0
58355850N46dcef50,http://img12.360buyimg.com/img/jfs/t3736/260/1877767670/89426/c1c5812b/58355850N46dcef50.jpg,0,0,1,0,0,0,0,1,0,0,0,0,0
58364af2Nc8aa64e3,http://img13.360buyimg.com/img/jfs/t3367/105/1915832398/101199/58d93406/58364af2Nc8aa64e3.jpg,0,0,0,0,0,0,0,0,1,1,0,0,1
58355a3dNb56ab91c,http://img11.360buyimg.com/img/jfs/t3802/230/1911696730/334835/cc910f30/58355a3dNb56ab91c.jpg,0,0,1,0,1,0,0,0,1,1,0,0,0
58365ad8N8e91472e,http://img10.360buyimg.com/img/jfs/t3292/6/4129534244/308984/cccef57f/58365ad8N8e91472e.jpg,0,0,1,0,0,0,0,0,1,1,0,0,0
58453006Nd0762457,http://img20.360buyimg.com/img/jfs/t3487/163/2229421379/102294/3222b8ab/58453006Nd0762457.jpg,0,0,1,0,0,1,0,0,1,0,0,0,0
59c51334Na93ca767,http://img14.360buyimg.com/img/jfs/t8428/347/2093424045/298958/82402db2/59c51334Na93ca767.jpg,0,1,0,0,0,0,0,1,0,0,0,0,0
57d902b2N4a146ba6,http://img10.360buyimg.com/img/jfs/t3058/143/2017094941/192103/291f7ebe/57d902b2N4a146ba6.jpg,0,0,1,0,1,0,0,0,1,1,0,0,0
583795a9N9d679498,http://img30.360buyimg.com/img/jfs/t3535/125/1918058549/349066/caea28ee/583795a9N9d679498.jpg,0,0,0,0,0,0,0,0,1,0,0,0,0
58379e19Nfb26e970,http://img14.360buyimg.com/img/jfs/t3793/49/1982063321/326626/12a25b6a/58379e19Nfb26e970.jpg,0,0,0,0,1,0,0,0,1,0,0,0,0
5836e4c1Ne230c75c,http://img11.360buyimg.com/img/jfs/t3412/227/1911436247/349364/32103468/5836e4c1Ne230c75c.jpg,0,0,1,0,0,1,0,0,0,0,0,0,0
57ddff73Nb57fd025,http://img12.360buyimg.com/img/jfs/t3160/153/2213062977/512796/7b127cb5/57ddff73Nb57fd025.jpg,0,0,0,0,1,0,0,0,1,0,0,0,0
57ddff21N31d39b93,http://img13.360buyimg.com/img/jfs/t3217/98/2208840332/367940/48b66102/57ddff21N31d39b93.jpg,0,1,0,0,0,0,0,0,1,0,0,0,0
57de0412N72d25482,http://img10.360buyimg.com/img/jfs/t3094/350/2189481804/310650/d36bbf75/57de0412N72d25482.jpg,0,0,1,0,1,0,0,0,1,1,0,0,0
5847df6cNac8aef50,http://img12.360buyimg.com/img/jfs/t3631/5/2285302568/326591/da89a713/5847df6cNac8aef50.jpg,0,0,1,0,1,0,0,0,0,0,0,0,0
57dfc99aN8dbbfaf0,http://img14.360buyimg.com/img/jfs/t3304/208/2276190353/215664/a7e25335/57dfc99aN8dbbfaf0.jpg,0,0,1,0,0,1,1,0,0,0,0,0,0
583913f9N738cc9f3,http://img10.360buyimg.com/img/jfs/t3775/157/1927506790/224215/b3ed3258/583913f9N738cc9f3.jpg,0,0,1,0,0,0,0,0,1,0,0,0,0
57ebbffbNb929124a,http://img30.360buyimg.com/img/jfs/t3067/137/3087243310/227833/8399e505/57ebbffbNb929124a.jpg,0,1,0,0,0,0,0,1,0,0,0,0,0
57e8efa3Nc1f012bd,http://img12.360buyimg.com/img/jfs/t3124/51/2847674701/406052/c8ebe1f3/57e8efa3Nc1f012bd.jpg,0,1,0,0,0,0,0,1,0,0,0,0,0
58502e0fN2240e1b1,http://img10.360buyimg.com/img/jfs/t3961/283/461296183/116827/95b58cba/58502e0fN2240e1b1.jpg,0,0,1,0,0,0,0,0,1,0,0,0,0
5853613eN5497bedf,http://img14.360buyimg.com/img/jfs/t3349/357/2427991341/166401/4e5b91c1/5853613eN5497bedf.jpg,0,0,0,0,0,0,0,0,1,0,0,0,0
57dbb4c8N4bbe4b3d,http://img30.360buyimg.com/img/jfs/t3067/183/2103047131/127180/bc343fa5/57dbb4c8N4bbe4b3d.jpg,0,1,0,0,1,0,0,0,0,0,0,0,0
57dbb3abN74fc8bb0,http://img20.360buyimg.com/img/jfs/t3097/115/2117424457/350645/2ab2265f/57dbb3abN74fc8bb0.jpg,0,1,0,0,1,0,0,0,0,0,0,0,0
583ba17bNb289d45f,http://img11.360buyimg.com/img/jfs/t3112/156/4298640687/327498/ddf616d0/583ba17bNb289d45f.jpg,0,0,1,0,0,0,0,0,1,1,1,0,0
5847b77eN040587b5,http://img10.360buyimg.com/img/jfs/t3871/315/261059735/197203/4ee132dc/5847b77eN040587b5.jpg,0,0,1,0,0,1,0,0,0,1,0,0,0
57df62dbNa929f831,http://img30.360buyimg.com/img/jfs/t3229/200/2264347047/360970/ce352041/57df62dbNa929f831.jpg,0,1,0,0,0,1,0,0,0,0,0,0,0
57de951bN5af8f92e,http://img10.360buyimg.com/img/jfs/t3067/359/2258289902/482125/abf456ac/57de951bN5af8f92e.jpg,0,0,0,0,0,1,0,0,0,0,0,0,0
58454fc9N314977ad,http://img12.360buyimg.com/img/jfs/t3112/137/4423626510/176357/67bc76d5/58454fc9N314977ad.jpg,0,0,1,0,0,1,0,0,1,0,0,0,0
5847ba8dN8daa0547,http://img14.360buyimg.com/img/jfs/t3547/364/2153035349/218997/275fdeb7/5847ba8dN8daa0547.jpg,0,0,1,0,0,0,0,0,1,1,0,0,0
583d3136N90d21658,http://img20.360buyimg.com/img/jfs/t3100/26/4236668961/67062/dc14a038/583d3136N90d21658.jpg,0,0,0,0,0,0,0,0,1,0,0,0,1
57de18b2N4bbd8498,http://img14.360buyimg.com/img/jfs/t3160/84/2215679599/534401/6b113da3/57de18b2N4bbd8498.jpg,0,0,1,0,1,0,0,0,0,0,0,0,0
57de4c7cN82c77a2b,http://img14.360buyimg.com/img/jfs/t3286/47/2252026506/330888/ef75355f/57de4c7cN82c77a2b.jpg,0,0,1,0,1,0,0,0,1,0,0,0,0
57de3e4dNa5d16fb3,http://img14.360buyimg.com/img/jfs/t3286/255/2276356519/305342/150a2beb/57de3e4dNa5d16fb3.jpg,0,0,1,0,1,0,0,0,1,0,0,0,0
57de5768N3395cc4c,http://img10.360buyimg.com/img/jfs/t3001/117/2655739528/118721/63de1cd8/57de5768N3395cc4c.jpg,0,1,0,0,0,0,0,0,0,1,0,0,0
583ee14cN8bdf892f,http://img13.360buyimg.com/img/jfs/t3889/88/145690003/240239/22397382/583ee14cN8bdf892f.jpg,0,0,0,0,0,0,0,1,0,0,0,1,0
583ef288N1b1bc507,http://img12.360buyimg.com/img/jfs/t3541/285/2044787372/224447/ea77ec22/583ef288N1b1bc507.jpg,0,1,0,0,1,0,0,0,0,0,0,0,0
583e86ecN7e2fc7b7,http://img10.360buyimg.com/img/jfs/t3541/84/2080190027/397198/67fef397/583e86ecN7e2fc7b7.jpg,0,1,0,0,1,0,0,1,0,0,0,0,0
583ef6c6N36bd923a,http://img12.360buyimg.com/img/jfs/t3952/90/146114950/200264/c3ed5160/583ef6c6N36bd923a.jpg,0,0,0,0,1,0,0,0,1,0,0,0,0
583efef4Naaa0ed82,http://img14.360buyimg.com/img/jfs/t3199/140/4404165085/329068/bf3d2616/583efef4Naaa0ed82.jpg,0,0,1,0,1,0,0,1,0,0,0,0,0
57e0d09bN32c52446,http://img14.360buyimg.com/img/jfs/t3166/358/2372424885/46416/88e66b16/57e0d09bN32c52446.jpg,0,0,1,0,0,1,0,0,1,1,0,0,0
57e0cf72N96c08c5d,http://img30.360buyimg.com/img/jfs/t3250/84/2425099068/64605/dd691496/57e0cf72N96c08c5d.jpg,0,0,1,0,0,0,0,0,1,1,0,0,0
5844ff2fNf2f5f0b3,http://img11.360buyimg.com/img/jfs/t4090/170/245622229/415923/f1ee1b5c/5844ff2fNf2f5f0b3.jpg,0,0,1,0,0,0,0,0,0,1,0,0,0
583f914aNa7e7aced,http://img30.360buyimg.com/img/jfs/t3517/231/2028858465/205763/e18a85b/583f914aNa7e7aced.jpg,0,1,0,0,1,0,0,0,0,0,1,0,0
584931edN4fc17a16,http://img10.360buyimg.com/img/jfs/t3667/101/2234280898/372338/c4c4f077/584931edN4fc17a16.jpg,0,0,1,0,1,0,0,0,0,0,1,0,0
5848d4d9N244d7be4,http://img12.360buyimg.com/img/jfs/t3451/128/2249946913/456640/82812322/5848d4d9N244d7be4.jpg,0,0,1,0,0,0,0,0,1,0,0,0,0
57dfa2ccNb5d8865f,http://img12.360buyimg.com/img/jfs/t3172/260/2253298565/419202/f4cc96ea/57dfa2ccNb5d8865f.jpg,0,0,1,0,1,0,0,0,1,0,0,0,0
583f8ae1Nc66aade1,http://img14.360buyimg.com/img/jfs/t3178/4/4333142556/140783/e3478107/583f8ae1Nc66aade1.jpg,0,0,1,0,1,0,0,0,1,0,0,0,0
5847791bN7b7d1859,http://img20.360buyimg.com/img/jfs/t3625/357/2184826703/125584/8b196e22/5847791bN7b7d1859.jpg,0,0,1,0,0,1,1,0,0,0,0,0,0
583fb38cN83709231,http://img11.360buyimg.com/img/jfs/t3835/83/1854360879/353833/92a98df/583fb38cN83709231.jpg,0,0,1,0,1,0,0,0,1,1,0,0,0
57dfd342Nac30b230,http://img14.360buyimg.com/img/jfs/t3115/275/2348795356/248381/dbb4d2c2/57dfd342Nac30b230.jpg,0,0,1,0,0,1,0,0,0,1,1,0,0
5840e8f6N8bb01884,http://img30.360buyimg.com/img/jfs/t3445/266/2095600579/148557/4f76de45/5840e8f6N8bb01884.jpg,0,0,1,0,1,0,0,0,1,0,0,0,0
583fecfbN397964bd,http://img30.360buyimg.com/img/jfs/t3304/122/4179655917/219222/9ad17c8f/583fecfbN397964bd.jpg,0,0,1,0,0,0,0,0,1,0,0,0,0
57e0cb21Na2eaa96f,http://img14.360buyimg.com/img/jfs/t3175/207/2423727162/285983/e6a8922d/57e0cb21Na2eaa96f.jpg,0,1,0,0,0,0,0,1,0,0,0,1,0
57e0f2fdNd33cd4ab,http://img13.360buyimg.com/img/jfs/t3244/1/2393479405/354138/8a1cec1b/57e0f2fdNd33cd4ab.jpg,0,0,1,0,0,0,0,0,0,1,0,0,0
584770f9N8ce418cf,http://img14.360buyimg.com/img/jfs/t3163/149/4461103702/145573/d893c151/584770f9N8ce418cf.jpg,0,1,0,0,0,0,0,0,0,0,1,0,0
584542edNa263caf0,http://img11.360buyimg.com/img/jfs/t3109/337/4403700901/119702/c974189f/584542edNa263caf0.jpg,0,0,1,0,0,1,0,0,1,0,0,0,0
57e22eceNd4fc577d,http://img12.360buyimg.com/img/jfs/t3250/247/2501885446/342550/f056f516/57e22eceNd4fc577d.jpg,0,0,1,0,0,0,0,0,1,0,0,0,0
57e2001cN0fd87afd,http://img13.360buyimg.com/img/jfs/t3025/283/2451191024/367730/2c20db7f/57e2001cN0fd87afd.jpg,0,0,1,0,1,0,0,0,1,0,0,0,0
57e22760Ne44a5806,http://img30.360buyimg.com/img/jfs/t3301/94/2544450752/440241/b449fb4f/57e22760Ne44a5806.jpg,0,0,1,0,0,0,0,0,1,0,0,0,0
57e49249Nb13a0998,http://img20.360buyimg.com/img/jfs/t3160/212/2648276752/278328/fa4ce0be/57e49249Nb13a0998.jpg,0,0,0,0,0,1,0,0,0,1,0,0,0
5842401fN805546d6,http://img13.360buyimg.com/img/jfs/t3247/44/4496747412/125665/f65e69a6/5842401fN805546d6.jpg,0,0,1,0,1,0,0,0,1,0,0,0,0
58438974N35a7e816,http://img12.360buyimg.com/img/jfs/t3979/202/217904175/219855/e49af64c/58438974N35a7e816.jpg,0,0,1,0,1,0,0,0,1,0,0,0,0
5844c7caNcd29327f,http://img12.360buyimg.com/img/jfs/t3322/232/2225047542/110091/83f834b4/5844c7caNcd29327f.jpg,0,0,1,0,0,0,0,0,1,0,0,0,0
58462ae0Nafd0ff87,http://img14.360buyimg.com/img/jfs/t3700/188/2242880884/237233/e511b3e4/58462ae0Nafd0ff87.jpg,0,0,1,0,0,0,0,0,1,1,0,0,0
57e90375N3cf57e92,http://img13.360buyimg.com/img/jfs/t3178/343/2900478264/54440/d031e78/57e90375N3cf57e92.jpg,0,0,0,0,0,1,0,0,0,1,0,0,0
57e36676Ncb0d6b92,http://img13.360buyimg.com/img/jfs/t3172/246/2536968746/179463/8de6a6c2/57e36676Ncb0d6b92.jpg,0,0,1,0,0,1,0,0,0,1,0,0,0
5847d93cN691be0c9,http://img30.360buyimg.com/img/jfs/t3655/103/2120106712/124124/81bb8003/5847d93cN691be0c9.jpg,0,0,1,0,0,1,0,0,0,1,0,0,0
58498d34N1d506cb1,http://img13.360buyimg.com/img/jfs/t3256/10/4042550377/278441/9ecb4162/58498d34N1d506cb1.jpg,0,0,1,0,1,0,0,1,0,0,0,0,0
584993d8N01929658,http://img11.360buyimg.com/img/jfs/t3280/152/4361140445/198621/19af2c7d/584993d8N01929658.jpg,0,0,1,0,1,0,0,0,1,0,0,0,0
58579c2eN76d49018,http://img13.360buyimg.com/img/jfs/t4078/11/659627287/170247/5b78f562/58579c2eN76d49018.jpg,0,0,1,0,0,1,0,0,1,1,0,0,0
57fb1ebbN2d3bcde6,http://img20.360buyimg.com/img/jfs/t3160/57/3922550144/244738/610a18b5/57fb1ebbN2d3bcde6.jpg,0,1,0,0,0,0,0,1,0,0,0,0,0
57fb7f68N6f37fb65,http://img13.360buyimg.com/img/jfs/t3694/342/1556772/341258/fc6f2db6/57fb7f68N6f37fb65.jpg,0,1,0,0,0,0,1,1,0,0,0,0,0
57ff267eN3a1b8bf0,http://img14.360buyimg.com/img/jfs/t3277/330/4070259148/146594/7fdf1967/57ff267eN3a1b8bf0.jpg,0,1,0,0,0,0,0,1,0,0,0,0,0
57e39f93N6228a0dd,http://img30.360buyimg.com/img/jfs/t3265/72/2616798708/322002/e908ddd5/57e39f93N6228a0dd.jpg,0,0,1,0,1,0,0,0,1,0,0,0,0
57ff40e4N380bb542,http://img14.360buyimg.com/img/jfs/t3265/284/4064776326/193158/ed429732/57ff40e4N380bb542.jpg,0,0,1,0,0,1,0,0,0,1,0,0,0
57fa0e3cNc87aba82,http://img13.360buyimg.com/img/jfs/t3115/120/3833385805/491221/fa9c2ce4/57fa0e3cNc87aba82.jpg,0,0,0,0,0,0,0,1,0,0,1,0,0
584a7b34Nc8f0d32d,http://img13.360buyimg.com/img/jfs/t3247/103/4536858893/211389/715ecee6/584a7b34Nc8f0d32d.jpg,0,0,0,0,0,0,0,0,1,1,0,0,1
584e68d9N1116c740,http://img30.360buyimg.com/img/jfs/t3157/73/4614620508/150735/c35f2133/584e68d9N1116c740.jpg,0,0,1,0,1,0,0,0,1,0,0,0,0
57e4d511N846caea7,http://img30.360buyimg.com/img/jfs/t3088/84/2677564651/89631/1de4b9ad/57e4d511N846caea7.jpg,0,0,0,0,0,1,0,0,0,1,0,0,0
58575437Nfbe414b5,http://img20.360buyimg.com/img/jfs/t3970/80/639211625/176661/b088c26f/58575437Nfbe414b5.jpg,0,1,0,0,0,1,0,1,0,0,0,0,0
5853bd93N1b20ea5d,http://img14.360buyimg.com/img/jfs/t3205/359/4709173499/148089/4fd5e0c6/5853bd93N1b20ea5d.jpg,0,0,1,0,1,0,0,0,0,0,0,0,0
57e9ff6bN0c22c3a7,http://img13.360buyimg.com/img/jfs/t3109/289/2954113472/266183/6eed6de4/57e9ff6bN0c22c3a7.jpg,0,0,1,0,1,0,0,0,1,0,0,0,0
57fb74ffNe5d3a339,http://img10.360buyimg.com/img/jfs/t3148/349/3929130038/128043/dd717583/57fb74ffNe5d3a339.jpg,1,0,0,0,0,0,0,0,0,0,0,0,0
585a12e8N830ed8e7,http://img30.360buyimg.com/img/jfs/t3772/300/2606077097/285184/346a750c/585a12e8N830ed8e7.jpg,0,0,0,0,0,0,0,0,1,0,0,0,1
57e6094aN4354fccd,http://img12.360buyimg.com/img/jfs/t3298/125/2722285670/337313/eba3f198/57e6094aN4354fccd.jpg,0,0,1,0,1,0,0,0,0,1,0,0,0
57ef7763Nd0ad5bdd,http://img12.360buyimg.com/img/jfs/t3052/120/3334594325/116234/ca7f47bc/57ef7763Nd0ad5bdd.jpg,0,0,1,0,0,0,0,0,1,0,0,0,0
585a2d7fN44f314de,http://img30.360buyimg.com/img/jfs/t3133/264/4888613277/177292/8013bdbd/585a2d7fN44f314de.jpg,0,1,0,0,0,1,0,0,0,0,0,0,0
57eb668eNd982068d,http://img12.360buyimg.com/img/jfs/t3088/283/3126935412/303515/f2b23014/57eb668eNd982068d.jpg,0,0,1,0,1,0,0,0,1,0,0,0,0
57ea0750Nd88bc6c7,http://img20.360buyimg.com/img/jfs/t3124/349/2964003445/208507/f8f2ce08/57ea0750Nd88bc6c7.jpg,0,0,1,0,1,0,0,0,1,0,0,0,0
5861e96fN4c5c00d8,http://img12.360buyimg.com/img/jfs/t3988/216/901171563/109548/9493097a/5861e96fN4c5c00d8.jpg,0,0,1,0,1,0,0,0,1,1,0,0,0
57eb5867N593128e3,http://img12.360buyimg.com/img/jfs/t3181/180/3086137743/85059/ff3d41d6/57eb5867N593128e3.jpg,0,0,1,0,0,0,0,0,1,0,0,0,0
57eb7930Ncb268d6b,http://img12.360buyimg.com/img/jfs/t3148/194/3092111698/257727/7f62e69f/57eb7930Ncb268d6b.jpg,0,0,1,0,0,0,0,0,0,1,0,0,0
5862157bN8902aa18,http://img11.360buyimg.com/img/jfs/t3904/61/926794598/334311/dbb36c4a/5862157bN8902aa18.jpg,0,0,0,0,0,0,0,0,1,0,1,0,0
57eba086N7b1d9e35,http://img10.360buyimg.com/img/jfs/t3277/176/3105150363/369241/551c1d32/57eba086N7b1d9e35.jpg,0,1,0,0,1,0,0,0,0,0,0,0,0
586485feNa1c43aa1,http://img14.360buyimg.com/img/jfs/t3262/319/5181311586/250832/cfe218be/586485feNa1c43aa1.jpg,0,0,0,0,0,0,0,0,1,0,1,0,1
57fb2fc9N1036b8d8,http://img20.360buyimg.com/img/jfs/t3079/14/3968885624/296874/46fcabf3/57fb2fc9N1036b8d8.jpg,0,1,0,0,0,0,0,1,0,0,0,0,0
586378c2N795c4130,http://img14.360buyimg.com/img/jfs/t3223/241/5163500036/223376/7d66daed/586378c2N795c4130.jpg,0,0,0,0,0,0,0,0,0,0,1,0,0
57f7698fNbc82928e,http://img20.360buyimg.com/img/jfs/t3214/66/3706411386/324768/c8e215c8/57f7698fNbc82928e.jpg,0,0,1,0,0,1,0,0,0,1,0,0,0
58773298Nb5ff36bc,http://img14.360buyimg.com/img/jfs/t3931/24/1427380114/158781/7e41c56a/58773298Nb5ff36bc.jpg,0,1,0,0,1,0,0,0,0,1,0,0,0
57ecbd8cNaa92c18c,http://img10.360buyimg.com/img/jfs/t3208/33/3137995600/262230/9e9c431c/57ecbd8cNaa92c18c.jpg,0,0,1,0,1,0,0,0,1,0,0,0,0
57edf854Nc9b7911a,http://img10.360buyimg.com/img/jfs/t3088/145/3246656003/111074/2fe9fbf9/57edf854Nc9b7911a.jpg,0,0,1,0,1,0,0,0,1,0,0,0,0
57ec8bf4N9eb44f30,http://img30.360buyimg.com/img/jfs/t3229/13/3136441056/278076/c2e534d2/57ec8bf4N9eb44f30.jpg,0,0,0,1,0,0,0,0,1,0,0,0,0
5800514dN612426f1,http://img10.360buyimg.com/img/jfs/t3253/118/4258867637/183141/fc078b03/5800514dN612426f1.jpg,0,0,1,0,1,0,0,0,1,0,0,0,0
58c78774N9b80c9cc,http://img10.360buyimg.com/img/jfs/t4120/312/1953164504/484114/6a7dc46b/58c78774N9b80c9cc.jpg,0,0,0,0,0,0,0,0,1,0,0,0,0
586dabb9Ne100add2,http://img20.360buyimg.com/img/jfs/t3880/240/1175055449/133255/22eec3cd/586dabb9Ne100add2.jpg,0,0,0,0,0,0,0,0,1,0,0,0,0
57ea27baNa1779c23,http://img14.360buyimg.com/img/jfs/t3268/146/3024136235/209510/3e7437fd/57ea27baNa1779c23.jpg,0,0,1,0,1,0,0,0,1,0,0,0,0
57eb98c3N9e02fb48,http://img30.360buyimg.com/img/jfs/t3199/11/3131966806/394302/651e739f/57eb98c3N9e02fb48.jpg,0,0,1,0,0,0,0,0,1,0,0,0,0
5870461fNfa9c98cf,http://img13.360buyimg.com/img/jfs/t4075/172/1281929965/87303/dc311a74/5870461fNfa9c98cf.jpg,0,0,0,0,0,1,0,0,1,0,0,0,0
57eb8054N584b9158,http://img10.360buyimg.com/img/jfs/t3262/347/3044016238/348065/dd45302f/57eb8054N584b9158.jpg,0,0,1,0,1,0,0,0,1,0,0,0,0
57edd4f7Ne275fd6e,http://img20.360buyimg.com/img/jfs/t3286/167/3433639408/206964/c29f98ae/57edd4f7Ne275fd6e.jpg,0,0,1,0,1,0,0,0,1,0,0,0,0
57eb75a8Nfdc28950,http://img20.360buyimg.com/img/jfs/t3085/54/3044637564/511578/e75ba5ff/57eb75a8Nfdc28950.jpg,0,1,0,0,0,0,0,0,0,0,0,0,0
5805c215N4d2ddb15,http://img30.360buyimg.com/img/jfs/t3415/255/255761313/132230/8e495592/5805c215N4d2ddb15.jpg,0,0,0,0,0,0,0,0,0,0,0,0,1
587721f7N3ab6fbbc,http://img14.360buyimg.com/img/jfs/t3232/224/5719495801/269744/5b7c0e4e/587721f7N3ab6fbbc.jpg,0,0,1,0,0,0,0,0,1,1,0,0,0
580f5485N0026dff8,http://img13.360buyimg.com/img/jfs/t3532/68/641030251/228153/1b59b4eb/580f5485N0026dff8.jpg,0,0,1,0,0,0,0,0,1,0,0,0,0
58760222N637c99af,http://img10.360buyimg.com/img/jfs/t3091/250/5493000056/114362/efa3baf5/58760222N637c99af.jpg,0,1,0,0,0,0,0,0,0,0,0,1,0
58775759N5a17cac2,http://img14.360buyimg.com/img/jfs/t3226/23/5597740602/89666/9ef1c175/58775759N5a17cac2.jpg,0,0,1,0,1,0,0,0,1,0,0,0,0
5880213bNf308605d,http://img12.360buyimg.com/img/jfs/t3184/135/5726193451/90692/3e803c87/5880213bNf308605d.jpg,0,0,1,0,0,0,0,0,1,1,0,0,0
58c0f6a4Na18b25cf,http://img13.360buyimg.com/img/jfs/t4339/94/1380158878/460434/c791a908/58c0f6a4Na18b25cf.jpg,0,0,0,0,0,0,0,0,0,0,1,0,1
57ecd2b9N4efcd6e9,http://img13.360buyimg.com/img/jfs/t3241/264/3124768841/105938/2fb0f0e3/57ecd2b9N4efcd6e9.jpg,0,0,1,0,0,0,0,0,1,1,0,0,0
5877157bN57587274,http://img20.360buyimg.com/img/jfs/t3211/116/5570058078/283109/ec4f329c/5877157bN57587274.jpg,0,0,1,0,0,0,0,0,1,0,0,0,0
57ec7985Nc24cae20,http://img13.360buyimg.com/img/jfs/t3058/127/3168243508/664948/96b0786b/57ec7985Nc24cae20.jpg,0,1,0,0,0,0,0,0,0,0,0,0,0
587c55fcNaa393dd4,http://img30.360buyimg.com/img/jfs/t3913/295/1530684750/86677/64c579a0/587c55fcNaa393dd4.jpg,0,0,1,0,0,0,0,0,1,1,0,0,0
57f8590cN9eae37b0,http://img12.360buyimg.com/img/jfs/t3112/163/3657076942/278058/9ab1a1e4/57f8590cN9eae37b0.jpg,0,0,1,0,0,0,0,0,1,1,0,0,0
58a5488fN7db194e5,http://img13.360buyimg.com/img/jfs/t3874/80/2184303790/238537/51fff4e5/58a5488fN7db194e5.jpg,0,0,0,0,0,0,0,0,1,0,1,0,0
57ff89d9N3c1a1f1c,http://img14.360buyimg.com/img/jfs/t3502/144/111489080/61077/727de62c/57ff89d9N3c1a1f1c.jpg,0,0,0,0,0,1,0,0,0,1,0,0,0
57f9fabdNec3a1bd2,http://img20.360buyimg.com/img/jfs/t3151/103/3870014570/240827/582cbcbb/57f9fabdNec3a1bd2.jpg,0,0,1,0,0,1,0,0,0,1,0,0,0
57ecb839N156a45d6,http://img10.360buyimg.com/img/jfs/t3112/147/3173033966/289823/74af0bc3/57ecb839N156a45d6.jpg,0,0,1,0,1,0,0,0,1,1,0,0,0
57f9a707N8fd245d7,http://img20.360buyimg.com/img/jfs/t3193/77/3897688581/282709/b93f2d3/57f9a707N8fd245d7.jpg,0,0,1,0,0,0,0,0,0,1,0,0,0
589ad154N1adce355,http://img30.360buyimg.com/img/jfs/t4075/224/1874089543/82040/89542bc4/589ad154N1adce355.jpg,0,0,0,0,0,0,0,0,1,0,1,0,0
58809b1cNf174aa8e,http://img11.360buyimg.com/img/jfs/t3259/214/5733444048/255482/c0c94bb1/58809b1cNf174aa8e.jpg,0,0,1,0,1,0,0,0,1,0,0,0,0
587dbf7bNc207a5be,http://img12.360buyimg.com/img/jfs/t4009/127/1568867233/150712/59047016/587dbf7bNc207a5be.jpg,0,0,0,0,0,0,0,0,0,0,1,1,0
57fb5a67Nc78819da,http://img30.360buyimg.com/img/jfs/t3085/156/3961478462/128167/3c011ad7/57fb5a67Nc78819da.jpg,0,0,1,0,1,0,0,0,1,0,0,0,0
589bd6a4Ncd529486,http://img30.360buyimg.com/img/jfs/t3832/100/3575121282/245606/b3d4d912/589bd6a4Ncd529486.jpg,0,0,0,0,0,0,0,0,1,0,0,0,0
57f855aeNb50030e4,http://img13.360buyimg.com/img/jfs/t3142/343/3729059156/67464/67502719/57f855aeNb50030e4.jpg,0,0,1,0,1,0,0,0,1,0,0,0,0
57f9daddN73515afa,http://img20.360buyimg.com/img/jfs/t3235/319/3870807297/110365/18c9402/57f9daddN73515afa.jpg,0,0,1,0,0,0,0,0,1,1,0,0,0
5806d1cbN0c1806f5,http://img10.360buyimg.com/img/jfs/t3832/188/72491291/226032/2391b5ff/5806d1cbN0c1806f5.jpg,0,0,1,0,1,0,0,0,1,0,0,0,0
5881b5bbNdd92246a,http://img13.360buyimg.com/img/jfs/t3307/34/5766885944/152413/e0ed8a63/5881b5bbNdd92246a.jpg,0,0,1,0,0,0,0,0,0,1,0,0,0
5897f0f9N365d30ec,http://img14.360buyimg.com/img/jfs/t3247/302/6051289132/129594/7041b401/5897f0f9N365d30ec.jpg,0,0,0,0,0,0,0,0,1,0,1,0,0
58cb917eNa71e2b27,http://img12.360buyimg.com/img/jfs/t3958/71/2233730323/121395/dcb8b962/58cb917eNa71e2b27.jpg,0,0,0,1,0,0,0,0,0,1,0,0,0
57f89e1eN5d4bc711,http://img10.360buyimg.com/img/jfs/t3052/259/3779004695/322913/85a50e1d/57f89e1eN5d4bc711.jpg,0,0,1,0,1,0,0,0,1,0,0,0,0
57fb5278N63b3d70f,http://img10.360buyimg.com/img/jfs/t3229/190/4021744306/494543/1293530d/57fb5278N63b3d70f.jpg,0,1,0,0,0,0,0,1,0,0,0,0,0
57fb51f4N2ad58a49,http://img14.360buyimg.com/img/jfs/t3064/47/4015779555/545741/782bc4a7/57fb51f4N2ad58a49.jpg,0,1,0,0,0,0,0,0,0,0,0,0,0
57f8a718N4b6ec624,http://img20.360buyimg.com/img/jfs/t3046/231/3782712188/328903/5d8154de/57f8a718N4b6ec624.jpg,0,0,1,0,0,0,0,0,1,1,0,0,0
5816e356N351895ff,http://img10.360buyimg.com/img/jfs/t3712/345/829039524/78597/28980250/5816e356N351895ff.jpg,0,0,1,0,1,0,0,0,1,1,0,0,0
57f8b976N1b455b03,http://img30.360buyimg.com/img/jfs/t3112/293/3790479454/170774/d89e62a2/57f8b976N1b455b03.jpg,0,1,0,0,0,1,0,0,0,0,0,0,0
58be9a0bN71fbf655,http://img11.360buyimg.com/img/jfs/t3253/266/8078696532/158041/412f0466/58be9a0bN71fbf655.jpg,0,1,0,0,0,0,0,0,0,1,0,0,0
57f9bb69Nbb5c32d9,http://img10.360buyimg.com/img/jfs/t3121/354/3906691710/129469/2588f21d/57f9bb69Nbb5c32d9.jpg,0,0,1,0,1,0,0,0,1,0,0,0,0
58cb57b2N29a5119e,http://img10.360buyimg.com/img/jfs/t4480/296/195061470/127637/77b89ee/58cb57b2N29a5119e.jpg,0,1,0,0,0,0,0,1,0,0,0,0,0
57fa158eNa39b3ecd,http://img20.360buyimg.com/img/jfs/t3286/92/4104488524/83643/a005ef36/57fa158eNa39b3ecd.jpg,0,0,1,0,0,1,0,0,1,0,0,0,0
58a51abeN28d59e8f,http://img13.360buyimg.com/img/jfs/t3862/93/2105899122/154277/b623e991/58a51abeN28d59e8f.jpg,0,0,1,0,1,0,0,0,1,0,0,0,0
58a66dd5Ne048bc82,http://img11.360buyimg.com/img/jfs/t4033/145/2252783550/102852/1eeb84cf/58a66dd5Ne048bc82.jpg,0,0,1,0,0,0,0,0,1,0,0,0,0
57f9f54aN198b003e,http://img14.360buyimg.com/img/jfs/t3229/162/3891411781/163949/faf37a84/57f9f54aN198b003e.jpg,0,1,0,0,0,1,0,0,0,1,0,0,0
57fc5637Nc0501642,http://img30.360buyimg.com/img/jfs/t3238/37/3937264446/115432/4e0b7280/57fc5637Nc0501642.jpg,0,0,1,0,0,0,0,0,1,1,0,0,0
57fb71c4N759e7574,http://img10.360buyimg.com/img/jfs/t3046/190/3920423676/311550/c4bdc060/57fb71c4N759e7574.jpg,0,0,1,0,1,0,0,0,1,0,0,0,0
58c21984N2a46f297,http://img20.360buyimg.com/img/jfs/t4156/29/1480635663/265216/d723d2a4/58c21984N2a46f297.jpg,0,1,0,0,0,0,0,0,0,0,0,0,0
58a3c5d5Nec3ca48a,http://img10.360buyimg.com/img/jfs/t3997/172/2173065710/75478/91bdab3a/58a3c5d5Nec3ca48a.jpg,0,1,0,0,0,0,0,0,0,1,0,0,0
58aa6136N381a4e14,http://img14.360buyimg.com/img/jfs/t3103/188/6714147714/167730/5b137857/58aa6136N381a4e14.jpg,0,0,0,0,1,0,0,0,1,0,0,0,0
58a5744aNc4c2b0c0,http://img30.360buyimg.com/img/jfs/t3121/208/6344102805/128321/94b9cb8f/58a5744aNc4c2b0c0.jpg,0,0,0,0,0,0,0,0,1,0,0,0,0
58a54f6eNb84bebdf,http://img13.360buyimg.com/img/jfs/t4096/29/2175534454/72830/a88165e3/58a54f6eNb84bebdf.jpg,0,0,0,0,0,1,1,0,0,0,0,0,0
58705ce6Nc85ef71d,http://img13.360buyimg.com/img/jfs/t3967/154/1313894584/84387/7bc886a6/58705ce6Nc85ef71d.jpg,0,0,1,0,1,0,0,0,1,0,0,0,0
58a6a5efNb1c28b06,http://img10.360buyimg.com/img/jfs/t3850/184/3967191246/189280/deef7cf4/58a6a5efNb1c28b06.jpg,0,0,0,0,0,0,0,0,1,0,0,0,0
58b96a9bNe7e2cb08,http://img10.360buyimg.com/img/jfs/t3097/131/7714336093/279228/a3bf817a/58b96a9bNe7e2cb08.jpg,0,0,1,0,0,1,0,0,1,0,0,0,0
58072ff7N4862ac6a,http://img11.360buyimg.com/img/jfs/t3421/231/357638532/174626/f555d3fe/58072ff7N4862ac6a.jpg,0,0,1,0,0,0,0,0,0,1,0,0,0
57fca442N61b2d5c0,http://img10.360buyimg.com/img/jfs/t3550/198/35905170/105613/918c767d/57fca442N61b2d5c0.jpg,0,0,1,0,0,0,0,0,1,0,0,0,0
57fca095N37c004ec,http://img10.360buyimg.com/img/jfs/t3094/155/4023834552/166525/f6a0d726/57fca095N37c004ec.jpg,0,0,1,0,1,0,0,0,1,0,0,0,0
5803415eN1af26115,http://img30.360buyimg.com/img/jfs/t3352/322/220445699/355741/1b7d936a/5803415eN1af26115.jpg,0,0,0,0,0,0,0,0,1,0,0,0,0
57fc9d08N1bdb24ef,http://img10.360buyimg.com/img/jfs/t3616/216/37109227/50581/55067770/57fc9d08N1bdb24ef.jpg,0,1,0,0,0,1,0,0,0,0,0,1,0
57fb63eaN1d35daba,http://img14.360buyimg.com/img/jfs/t3202/178/3976481718/350017/d387ce90/57fb63eaN1d35daba.jpg,0,1,0,0,0,0,0,0,0,0,0,0,0
58ad04e5N9feff878,http://img12.360buyimg.com/img/jfs/t4117/302/2623334675/142300/8fe1f882/58ad04e5N9feff878.jpg,0,1,0,0,0,0,0,1,0,0,0,0,0
58aa52f5N7234c9f1,http://img11.360buyimg.com/img/jfs/t3946/191/2456500670/83707/a427777b/58aa52f5N7234c9f1.jpg,0,0,0,0,1,0,0,0,1,0,0,0,0
57ff5b31N5483bfd4,http://img12.360buyimg.com/img/jfs/t3661/24/108488713/176244/8c0c27/57ff5b31N5483bfd4.jpg,0,0,0,0,0,0,0,0,1,0,0,0,0
58d249afN924007e2,http://img10.360buyimg.com/img/jfs/t4543/232/596540873/324571/13f1db1a/58d249afN924007e2.jpg,0,1,0,0,0,0,0,0,0,1,0,0,0
57fd8d37N6cf1f3a7,http://img12.360buyimg.com/img/jfs/t3427/225/49087640/272912/c6a8e72d/57fd8d37N6cf1f3a7.jpg,0,1,0,0,0,0,0,1,0,0,0,0,0
58b3b3deNa42b876a,http://img10.360buyimg.com/img/jfs/t4348/235/370358777/121541/c5fc8f50/58b3b3deNa42b876a.jpg,0,0,1,0,0,1,0,0,1,0,0,0,0
5801cdacN677c4309,http://img30.360buyimg.com/img/jfs/t3772/218/168994926/426091/48c44ced/5801cdacN677c4309.jpg,0,0,1,0,1,0,0,0,1,0,0,0,0
58070b01N35f610ea,http://img10.360buyimg.com/img/jfs/t3316/32/294596601/323570/ca5ed0b4/58070b01N35f610ea.jpg,0,0,1,0,0,0,0,0,1,0,0,0,0
5808608aN16d37307,http://img30.360buyimg.com/img/jfs/t3769/241/403262408/107293/1ce5d829/5808608aN16d37307.jpg,0,0,1,0,0,1,0,0,0,1,0,0,0
58047e66N63785d7e,http://img10.360buyimg.com/img/jfs/t3769/65/249639672/117624/5097cfaf/58047e66N63785d7e.jpg,0,0,1,0,0,1,0,0,0,0,0,0,0
58ad4c5dN3fde29a4,http://img12.360buyimg.com/img/jfs/t4375/26/6868591/186338/d6f91267/58ad4c5dN3fde29a4.jpg,0,0,1,0,0,1,0,0,0,1,0,0,0
586f50b2N2721bca2,http://img10.360buyimg.com/img/jfs/t3832/213/2942497687/302139/64645ba6/586f50b2N2721bca2.jpg,0,0,0,0,0,0,0,0,1,0,0,0,0
58071fc0N687e9e46,http://img13.360buyimg.com/img/jfs/t3601/364/337988372/295465/6057696e/58071fc0N687e9e46.jpg,0,0,1,0,1,0,0,0,1,0,0,0,0
57feebeeNc44cb8c5,http://img30.360buyimg.com/img/jfs/t3493/214/88256568/114611/3dd8d773/57feebeeNc44cb8c5.jpg,0,0,1,0,0,0,0,0,1,0,0,0,0
57fcb05bNd07649c7,http://img11.360buyimg.com/img/jfs/t3232/294/4018895014/405750/de5e618/57fcb05bNd07649c7.jpg,0,0,0,0,0,1,0,0,0,0,0,1,0
58c0d2e8N090cefc9,http://img20.360buyimg.com/img/jfs/t3256/54/7695573180/444533/430d09da/58c0d2e8N090cefc9.jpg,0,0,0,0,0,0,0,0,0,0,1,0,1
58c23afeNa7d616cc,http://img14.360buyimg.com/img/jfs/t3064/46/8254894599/352275/7a02c4cd/58c23afeNa7d616cc.jpg,0,0,1,0,1,0,0,0,1,0,0,0,0
58007429N7ce4e39d,http://img10.360buyimg.com/img/jfs/t3148/4/4058821826/168966/a21b198e/58007429N7ce4e39d.jpg,0,0,0,0,0,0,0,0,1,0,1,0,0
57fdf186Nf557c65c,http://img14.360buyimg.com/img/jfs/t3475/150/71902426/107492/6a1f587/57fdf186Nf557c65c.jpg,0,0,0,0,1,0,0,0,1,0,0,0,0
5801f1ccN1a0dcc3e,http://img10.360buyimg.com/img/jfs/t3760/269/184367922/483837/2d0190bf/5801f1ccN1a0dcc3e.jpg,0,0,1,0,0,0,0,0,1,0,0,0,0
57fe5151N751dfbd4,http://img10.360buyimg.com/img/jfs/t3406/294/79027669/399938/47962570/57fe5151N751dfbd4.jpg,0,0,1,0,0,0,0,0,1,0,0,0,0
57fdd14cN8ded1635,http://img13.360buyimg.com/img/jfs/t3058/328/4043396665/119252/f347ea3d/57fdd14cN8ded1635.jpg,0,0,1,0,1,0,0,1,1,0,0,0,0
57fde924N0090f53e,http://img12.360buyimg.com/img/jfs/t3784/61/74405714/103648/3d9007f2/57fde924N0090f53e.jpg,0,0,1,0,1,0,0,0,1,1,0,0,0
58b141d3Nf0a1752f,http://img10.360buyimg.com/img/jfs/t3145/46/7007098966/200468/58074116/58b141d3Nf0a1752f.jpg,0,0,1,0,0,0,0,0,1,1,0,0,0
57fef2e9Ne0c6653f,http://img14.360buyimg.com/img/jfs/t3454/343/101573117/192278/2da8ba3/57fef2e9Ne0c6653f.jpg,0,0,1,0,0,0,0,0,1,1,0,0,0
58047357Ne8fbda02,http://img14.360buyimg.com/img/jfs/t3448/239/218385261/378987/94aa5847/58047357Ne8fbda02.jpg,0,0,1,0,1,0,0,0,1,0,0,0,0
58b515ebN408466c7,http://img12.360buyimg.com/img/jfs/t3886/124/576446249/67787/2768b930/58b515ebN408466c7.jpg,0,0,1,0,0,0,0,0,1,1,0,0,0
591562dfNbb4b114f,http://img13.360buyimg.com/img/jfs/t5830/198/79504984/114341/46f486aa/591562dfNbb4b114f.jpg,0,0,1,0,1,0,0,0,1,0,0,0,0
58057c2dN2cd2e04b,http://img30.360buyimg.com/img/jfs/t3697/104/294549128/309138/619008ee/58057c2dN2cd2e04b.jpg,0,1,0,0,0,0,0,1,0,0,0,0,0
58feedb3Ne37ade03,http://img11.360buyimg.com/img/jfs/t5047/114/2447246624/460110/27f7606e/58feedb3Ne37ade03.jpg,0,1,0,0,0,0,0,0,0,0,0,0,0
58bfa804N821f696f,http://img11.360buyimg.com/img/jfs/t4285/176/1213174624/153341/9b0f1dd8/58bfa804N821f696f.jpg,0,0,1,0,1,0,0,0,1,0,0,0,0
5806ec34N3e105be0,http://img13.360buyimg.com/img/jfs/t3649/16/335774741/336064/79d33b00/5806ec34N3e105be0.jpg,0,0,1,0,0,0,0,0,1,0,0,0,0
58d332adNf385b1d7,http://img30.360buyimg.com/img/jfs/t4687/3/655136351/133811/8999431b/58d332adNf385b1d7.jpg,0,0,1,0,0,0,0,0,1,0,0,0,0
58bfc5cfN52fec3e3,http://img12.360buyimg.com/img/jfs/t3127/159/8095298600/345232/ce1c3ac8/58bfc5cfN52fec3e3.jpg,0,0,1,0,0,0,0,0,1,1,0,0,0
580743beNd73f4ad1,http://img30.360buyimg.com/img/jfs/t3577/246/310723963/115077/610f46e7/580743beNd73f4ad1.jpg,0,1,0,0,0,0,0,1,0,0,0,0,0
58bd1f82Nd09e2cc7,http://img11.360buyimg.com/img/jfs/t4336/211/1061761847/411814/4868110a/58bd1f82Nd09e2cc7.jpg,0,1,0,0,0,0,0,0,0,0,0,0,1
58007963N497efd4a,http://img10.360buyimg.com/img/jfs/t3595/81/141030325/391822/16a25529/58007963N497efd4a.jpg,0,0,1,0,0,1,0,0,0,1,0,0,0
5805efc7N7dcb8e2b,http://img13.360buyimg.com/img/jfs/t3673/87/309932555/220227/3be03a1f/5805efc7N7dcb8e2b.jpg,0,1,0,0,1,0,0,0,0,0,0,0,0
58b8f587N2f4ffb31,http://img30.360buyimg.com/img/jfs/t4186/41/791978323/36360/a5dddceb/58b8f587N2f4ffb31.jpg,0,0,1,0,0,0,0,0,1,1,0,0,0
58046938N4e1b4a71,http://img10.360buyimg.com/img/jfs/t3343/190/245908619/158887/68433c46/58046938N4e1b4a71.jpg,0,1,0,1,0,0,0,1,0,0,0,0,0
58c0b719N5cc0eeaf,http://img14.360buyimg.com/img/jfs/t3274/303/8214329566/268501/833f4564/58c0b719N5cc0eeaf.jpg,0,0,0,0,0,0,0,0,1,0,0,0,0
58070330N34c4b700,http://img20.360buyimg.com/img/jfs/t3583/172/342523884/349933/7132b02d/58070330N34c4b700.jpg,0,0,1,0,0,1,0,0,1,0,0,0,0
5807057aNc98698f1,http://img13.360buyimg.com/img/jfs/t3622/132/231183988/352282/f495e84b/5807057aNc98698f1.jpg,0,1,0,0,0,0,0,0,1,1,0,0,0
58c65d2bNcf108659,http://img10.360buyimg.com/img/jfs/t3139/124/8659895922/71554/32778cb5/58c65d2bNcf108659.jpg,0,1,0,0,0,0,0,0,0,0,0,0,0
58044074N56e2afb8,http://img10.360buyimg.com/img/jfs/t3358/69/140255141/398073/b73aa3b8/58044074N56e2afb8.jpg,0,0,1,0,1,0,0,0,1,0,0,0,0
580456f8N2510ea67,http://img11.360buyimg.com/img/jfs/t3484/359/249487511/341788/6f4c5b0f/580456f8N2510ea67.jpg,0,0,1,0,0,0,0,0,1,0,0,0,0
58c647a3Nc9b89db3,http://img14.360buyimg.com/img/jfs/t4144/140/1761484979/268892/f60f7f6e/58c647a3Nc9b89db3.jpg,0,0,1,0,1,0,0,0,1,0,0,0,0
58c0afb1N2e08b917,http://img14.360buyimg.com/img/jfs/t4294/226/1338154557/339247/c4cf5590/58c0afb1N2e08b917.jpg,0,0,0,0,1,0,0,0,1,0,0,0,0
580b1c95Nf3a9ec12,http://img20.360buyimg.com/img/jfs/t3829/139/230148298/74761/a3bd4670/580b1c95Nf3a9ec12.jpg,0,1,0,0,0,1,0,0,0,0,0,0,0
5805f83eN80e290a2,http://img30.360buyimg.com/img/jfs/t3373/272/306475850/121419/de50cde1/5805f83eN80e290a2.jpg,0,0,0,0,1,0,0,0,1,0,0,0,0
5806de20Nece3b975,http://img11.360buyimg.com/img/jfs/t3736/97/329023259/141764/b9c6bc66/5806de20Nece3b975.jpg,0,0,1,0,1,0,0,0,1,1,0,0,0
5805f51fN7ffadfdb,http://img14.360buyimg.com/img/jfs/t3358/52/196939138/120130/d239908e/5805f51fN7ffadfdb.jpg,0,1,0,0,0,0,0,0,1,0,0,0,0
580ecbc9N930aaa86,http://img12.360buyimg.com/img/jfs/t3631/103/633934280/190462/84392862/580ecbc9N930aaa86.jpg,0,0,1,0,0,1,0,0,0,0,0,0,0
5810599aN24b98327,http://img13.360buyimg.com/img/jfs/t3811/71/415963850/224519/eea3a82e/5810599aN24b98327.jpg,0,1,0,0,0,0,0,0,0,1,0,0,0
580c8d12N06f771b4,http://img30.360buyimg.com/img/jfs/t3328/325/517411658/108280/de47cbb1/580c8d12N06f771b4.jpg,0,0,1,0,1,0,0,0,1,0,0,0,0
58bf760aNaa3c5112,http://img20.360buyimg.com/img/jfs/t3154/252/7976207485/389219/eb50b0c/58bf760aNaa3c5112.jpg,0,0,0,0,0,0,0,1,0,0,1,0,0
58c23359N65ec6b65,http://img30.360buyimg.com/img/jfs/t4360/202/1404245387/53532/8f6c63c9/58c23359N65ec6b65.jpg,0,0,1,0,0,0,0,0,0,1,0,0,0
59194008N0ddbba84,http://img13.360buyimg.com/img/jfs/t5542/253/2244224626/316205/d7b096e8/59194008N0ddbba84.jpg,0,1,0,0,0,0,0,1,0,0,0,0,0
5808d7f2Ncd3234fc,http://img20.360buyimg.com/img/jfs/t3424/14/297534632/336253/816f7d32/5808d7f2Ncd3234fc.jpg,0,0,1,0,1,0,0,0,1,0,0,0,0
581c0e21N60b0b1d9,http://img13.360buyimg.com/img/jfs/t3637/289/1071773375/132057/9987e2b9/581c0e21N60b0b1d9.jpg,0,0,1,0,0,0,0,0,1,0,0,0,0
580eca13Nef05bb3f,http://img10.360buyimg.com/img/jfs/t3622/48/489759300/134517/fa70f573/580eca13Nef05bb3f.jpg,0,0,1,0,0,0,0,0,1,0,0,0,0
5810657eN58c546d8,http://img14.360buyimg.com/img/jfs/t3415/255/624414398/176557/bdc8ee69/5810657eN58c546d8.jpg,0,1,0,0,0,1,0,0,0,1,0,0,0
580876a9Ne700126a,http://img10.360buyimg.com/img/jfs/t3325/194/303861122/237477/affa709e/580876a9Ne700126a.jpg,0,0,1,0,1,0,0,0,1,0,0,0,0
58c89fd2N7ae04acd,http://img10.360buyimg.com/img/jfs/t4555/361/37827962/138272/c1a23e94/58c89fd2N7ae04acd.jpg,0,1,0,0,0,0,0,1,0,1,0,0,0
5806d417N2c75da59,http://img12.360buyimg.com/img/jfs/t3316/72/292464187/385424/699264df/5806d417N2c75da59.jpg,0,1,0,0,1,0,0,0,0,0,0,0,0
58d0f8e5Nd44b3e91,http://img30.360buyimg.com/img/jfs/t4225/69/2433060350/265959/e5c6941e/58d0f8e5Nd44b3e91.jpg,0,1,0,0,0,0,0,1,0,0,0,0,0
5809ef35N6d12e5bc,http://img10.360buyimg.com/img/jfs/t3313/262/401217053/208333/65e6510f/5809ef35N6d12e5bc.jpg,0,0,1,0,1,0,0,0,1,0,0,0,0
58070ea5N0162a78b,http://img12.360buyimg.com/img/jfs/t3826/42/84147553/215549/8931cedb/58070ea5N0162a78b.jpg,0,1,0,0,1,0,0,0,1,0,0,0,0
5808c432Naf1caa7c,http://img12.360buyimg.com/img/jfs/t3673/8/397305071/260781/533690f8/5808c432Naf1caa7c.jpg,0,0,1,0,0,0,0,0,1,1,0,0,0
58074c59Nb2aa816e,http://img14.360buyimg.com/img/jfs/t3454/134/328521657/332191/44b6d065/58074c59Nb2aa816e.jpg,0,0,1,0,1,0,0,0,1,0,0,0,0
58076df8N71b86b25,http://img14.360buyimg.com/img/jfs/t3373/177/376280275/96046/cee9b52e/58076df8N71b86b25.jpg,0,0,1,0,1,0,0,0,1,0,0,0,0
58088ce3N5b272bc9,http://img20.360buyimg.com/img/jfs/t3586/275/422987493/172555/71265efd/58088ce3N5b272bc9.jpg,0,0,1,0,0,0,0,0,1,1,0,0,0
58076648Ne48ed703,http://img20.360buyimg.com/img/jfs/t3478/66/322918213/110112/cf2cc67d/58076648Ne48ed703.jpg,0,0,1,0,1,0,0,0,1,0,0,0,0
58c65be8Na94b4258,http://img10.360buyimg.com/img/jfs/t4129/308/1752990450/385796/d3c46d58/58c65be8Na94b4258.jpg,0,1,0,0,0,0,0,0,0,1,0,0,0
58c6a51dNbe6979c7,http://img20.360buyimg.com/img/jfs/t4252/220/1810636295/415806/bc238972/58c6a51dNbe6979c7.jpg,0,1,0,0,0,0,0,0,0,0,1,0,0
58d0f1bbN7c9a47f3,http://img13.360buyimg.com/img/jfs/t3241/302/9226073287/332175/37f6da6a/58d0f1bbN7c9a47f3.jpg,0,1,0,0,0,0,0,0,0,0,0,0,0
58ca2609N976e75cf,http://img13.360buyimg.com/img/jfs/t3166/280/8904541979/436137/b4ed84ed/58ca2609N976e75cf.jpg,0,0,1,0,1,0,0,0,1,0,0,0,0
5809afccNb9243081,http://img20.360buyimg.com/img/jfs/t3736/156/431085485/180347/9ceb5a7e/5809afccNb9243081.jpg,0,0,1,0,1,0,0,0,1,0,0,0,0
581c3a3cNe9b19f7b,http://img12.360buyimg.com/img/jfs/t3766/359/1064275954/190376/1f4f0c69/581c3a3cNe9b19f7b.jpg,1,1,0,0,0,0,0,0,0,0,0,0,0
58c9eed2Ncab8e351,http://img12.360buyimg.com/img/jfs/t3058/17/8861723505/412961/af880d28/58c9eed2Ncab8e351.jpg,0,1,0,0,0,0,0,1,0,0,0,0,0
58de14b6N2601763e,http://img14.360buyimg.com/img/jfs/t4249/190/3298458004/386632/247ce08e/58de14b6N2601763e.jpg,0,1,0,0,1,0,0,0,0,0,0,0,0
580c79f6N39b8ea14,http://img11.360buyimg.com/img/jfs/t3802/243/523185521/127690/cc3e174f/580c79f6N39b8ea14.jpg,0,0,1,0,0,1,0,0,1,1,0,0,0
580983bfN3e4fb19b,http://img11.360buyimg.com/img/jfs/t3841/347/167522490/256534/e849c499/580983bfN3e4fb19b.jpg,0,0,1,0,1,0,0,0,1,0,0,0,0
580d693fNf4752009,http://img12.360buyimg.com/img/jfs/t3334/124/539376674/414626/b0c97b72/580d693fNf4752009.jpg,0,0,1,0,0,0,0,0,1,0,0,0,0
58ccec9dNf1770ea5,http://img14.360buyimg.com/img/jfs/t4249/271/2182679130/499176/e9060509/58ccec9dNf1770ea5.jpg,0,0,0,1,0,0,0,1,0,0,0,0,0
58d0d8b9N79b3db80,http://img13.360buyimg.com/img/jfs/t4654/100/512495250/294861/5e9f103a/58d0d8b9N79b3db80.jpg,0,0,1,0,1,0,0,0,1,0,0,0,0
5813388bN93b34d43,http://img10.360buyimg.com/img/jfs/t3361/95/771790646/197367/7ee34c2e/5813388bN93b34d43.jpg,0,0,1,0,0,1,0,0,1,0,0,0,0
580db6acN1f698ed5,http://img12.360buyimg.com/img/jfs/t3457/320/462416073/475724/8ccf74f1/580db6acN1f698ed5.jpg,0,0,1,0,1,0,0,0,1,1,0,0,0
5813220eN4d406a91,http://img14.360buyimg.com/img/jfs/t3718/1/797717896/175326/75fe0332/5813220eN4d406a91.jpg,0,0,1,0,1,0,0,0,1,0,0,0,0
58134f92N28972be5,http://img30.360buyimg.com/img/jfs/t3499/49/764816014/173766/69be65cc/58134f92N28972be5.jpg,0,0,1,0,1,0,0,0,1,0,0,0,0
580eb928N2468d28b,http://img12.360buyimg.com/img/jfs/t3523/248/489203452/335022/9904f2b7/580eb928N2468d28b.jpg,0,0,1,0,0,0,0,0,1,0,0,0,0
580ec9c7N49cc1f43,http://img12.360buyimg.com/img/jfs/t3433/189/593790684/75342/f3a055dd/580ec9c7N49cc1f43.jpg,0,0,1,0,0,1,0,0,1,0,0,0,0
580f09efN2ac6161e,http://img13.360buyimg.com/img/jfs/t3664/33/612846586/129663/f5617b88/580f09efN2ac6161e.jpg,0,0,1,0,0,0,0,0,1,0,0,0,0
580da36aNc767adeb,http://img20.360buyimg.com/img/jfs/t3763/133/563079816/158427/1c2bc0f8/580da36aNc767adeb.jpg,1,1,0,0,0,0,0,0,0,0,0,0,0
580d98c7N61fa661b,http://img13.360buyimg.com/img/jfs/t3661/323/591564709/422456/f1201358/580d98c7N61fa661b.jpg,0,0,1,0,0,0,0,0,0,1,0,0,0
580f0677N64d2cc0e,http://img12.360buyimg.com/img/jfs/t3850/282/396448774/141460/5ceb0120/580f0677N64d2cc0e.jpg,0,0,1,0,1,0,0,0,1,0,0,0,0
58106377Nd7b81533,http://img20.360buyimg.com/img/jfs/t3439/77/673389894/187133/53bd106a/58106377Nd7b81533.jpg,0,0,1,0,0,0,0,0,1,1,0,0,0
580f0a6bNbfb90f91,http://img30.360buyimg.com/img/jfs/t3658/135/610302338/303328/2ddae8a5/580f0a6bNbfb90f91.jpg,0,1,0,0,1,0,0,0,0,0,0,0,0
580efd0dN475c3b5e,http://img12.360buyimg.com/img/jfs/t3478/212/581945840/118325/adf681d5/580efd0dN475c3b5e.jpg,0,0,1,0,1,0,0,0,1,0,0,0,0
580efa3bNcf588d41,http://img20.360buyimg.com/img/jfs/t3586/108/612996312/97769/e1093272/580efa3bNcf588d41.jpg,0,0,1,0,0,0,0,0,1,0,0,0,0
5814078bN58de7c97,http://img10.360buyimg.com/img/jfs/t3439/233/789933809/359970/bae8816a/5814078bN58de7c97.jpg,0,0,1,0,0,1,0,0,0,0,0,0,0
580f0afeN26411b72,http://img12.360buyimg.com/img/jfs/t3517/18/634917591/120517/8402ed68/580f0afeN26411b72.jpg,0,0,1,0,1,0,0,0,1,0,0,0,0
580f01d9N65437d63,http://img12.360buyimg.com/img/jfs/t3685/98/621265790/124701/f4c92779/580f01d9N65437d63.jpg,0,0,1,0,1,0,0,0,1,0,0,0,0
580f043eN1a78e48c,http://img11.360buyimg.com/img/jfs/t3400/98/629031823/160024/acd2fc38/580f043eN1a78e48c.jpg,0,0,1,0,0,1,0,0,1,0,0,0,0
580de682N71f19fb0,http://img30.360buyimg.com/img/jfs/t3355/254/597168169/252859/30bc1374/580de682N71f19fb0.jpg,0,0,1,0,1,0,0,0,1,0,0,0,0
580f04a1N38c4bfb1,http://img13.360buyimg.com/img/jfs/t3460/167/600655519/162443/2116b7b2/580f04a1N38c4bfb1.jpg,0,0,1,0,1,0,0,0,1,0,0,0,0
580f0643Na86b4a7e,http://img14.360buyimg.com/img/jfs/t3823/2/362723812/128347/1dc4d22e/580f0643Na86b4a7e.jpg,0,0,1,0,1,0,0,0,1,0,0,0,0
581405fbNab624f4b,http://img13.360buyimg.com/img/jfs/t3784/229/782544903/96266/3c5d00c/581405fbNab624f4b.jpg,0,0,1,0,1,0,0,0,1,0,0,0,0
58da7a59N17de3e6d,http://img12.360buyimg.com/img/jfs/t4462/341/1222134941/348504/c25fcc3f/58da7a59N17de3e6d.jpg,0,0,1,0,0,0,0,0,1,0,0,0,0
58d89da4Na4927aaf,http://img13.360buyimg.com/img/jfs/t3073/232/9881944731/259386/ccf3c6cf/58d89da4Na4927aaf.jpg,0,1,0,0,1,0,0,0,0,0,0,0,0
580f44e8Nee43f00b,http://img12.360buyimg.com/img/jfs/t3463/221/640621399/441926/8d7dbcaf/580f44e8Nee43f00b.jpg,0,1,0,0,0,1,0,0,0,0,0,0,0
5810bcfbN3a4ded21,http://img20.360buyimg.com/img/jfs/t3784/21/700326675/362846/6da6e5ad/5810bcfbN3a4ded21.jpg,0,0,1,0,1,0,0,0,1,0,0,0,0
581c3097N9a86a03e,http://img11.360buyimg.com/img/jfs/t3427/306/1083546823/89641/758eb694/581c3097N9a86a03e.jpg,0,0,1,0,1,0,0,0,1,0,0,0,0
58428e4fNe9eb88c9,http://img12.360buyimg.com/img/jfs/t3568/338/2154157733/159230/120e69b4/58428e4fNe9eb88c9.jpg,0,1,0,0,0,0,0,0,0,1,0,0,0
58d9efffN25cca5a5,http://img20.360buyimg.com/img/jfs/t4336/351/3045555271/375465/475ee102/58d9efffN25cca5a5.jpg,0,0,0,0,0,0,0,1,1,0,0,0,0
58d9db4fN1653ee5b,http://img30.360buyimg.com/img/jfs/t4699/66/1183569924/470322/1a77bd99/58d9db4fN1653ee5b.jpg,0,0,1,0,0,0,0,0,1,1,0,0,0
