[0, 0, 1, 0, 0, 1, 0, 0, 1, 0, 0, 0, 0] : 11947
[0, 0, 1, 0, 0, 0, 0, 0, 1, 0, 0, 0, 0] : 26364
[0, 0, 1, 0, 0, 0, 0, 0, 1, 1, 0, 0, 0] : 7652
[0, 0, 1, 0, 0, 0, 0, 0, 0, 0, 0, 0, 0] : 1394
[0, 0, 1, 0, 0, 1, 0, 0, 1, 1, 0, 0, 0] : 670
[0, 0, 1, 0, 1, 0, 0, 0, 1, 0, 1, 0, 0] : 1608
[0, 1, 0, 0, 0, 1, 0, 0, 0, 0, 0, 0, 0] : 324
[0, 0, 1, 0, 1, 0, 0, 0, 1, 0, 0, 0, 0] : 25277
[0, 0, 1, 0, 1, 0, 0, 0, 1, 1, 0, 0, 0] : 878
[0, 1, 0, 0, 0, 0, 0, 0, 0, 1, 0, 0, 0] : 1345
[0, 0, 0, 0, 0, 0, 0, 0, 1, 0, 1, 0, 0] : 309
[0, 0, 1, 0, 0, 0, 0, 0, 0, 1, 0, 0, 0] : 147
[0, 1, 0, 0, 0, 0, 0, 0, 0, 0, 0, 0, 0] : 1272
[0, 0, 1, 0, 0, 0, 0, 0, 1, 0, 1, 0, 0] : 2211
[0, 0, 1, 0, 0, 1, 0, 0, 1, 0, 1, 0, 0] : 539
[0, 0, 0, 0, 0, 0, 0, 1, 0, 0, 0, 0, 0] : 32
[0, 0, 0, 0, 0, 0, 0, 0, 1, 0, 0, 0, 1] : 51
[0, 1, 0, 0, 0, 0, 0, 0, 1, 0, 0, 0, 0] : 164
[0, 0, 1, 0, 0, 0, 0, 1, 0, 0, 0, 0, 0] : 241
[0, 0, 1, 0, 1, 0, 0, 1, 0, 0, 0, 0, 0] : 31
[0, 1, 0, 0, 1, 0, 0, 0, 0, 0, 0, 1, 0] : 188
[0, 0, 1, 1, 0, 0, 0, 0, 1, 0, 0, 0, 0] : 193
[0, 0, 1, 0, 0, 1, 0, 1, 0, 0, 0, 0, 0] : 9
[0, 0, 1, 0, 1, 0, 0, 0, 1, 0, 1, 0, 1] : 23
[0, 0, 0, 0, 0, 0, 0, 0, 1, 0, 1, 0, 1] : 94
[0, 0, 0, 0, 0, 0, 0, 0, 1, 0, 0, 0, 0] : 191
[0, 1, 0, 0, 0, 0, 0, 1, 0, 0, 1, 0, 0] : 19
[0, 0, 1, 0, 0, 0, 0, 0, 1, 0, 0, 0, 1] : 155
[0, 1, 0, 0, 0, 0, 0, 0, 0, 0, 0, 1, 0] : 1105
[0, 0, 1, 0, 0, 0, 0, 0, 0, 0, 1, 0, 0] : 7
[0, 1, 0, 0, 0, 0, 0, 0, 0, 0, 1, 0, 0] : 50
[0, 0, 1, 0, 0, 0, 0, 0, 1, 0, 1, 0, 1] : 201
[1, 1, 0, 0, 0, 0, 0, 0, 0, 0, 0, 1, 0] : 44
[0, 1, 0, 0, 0, 0, 0, 1, 0, 0, 0, 0, 0] : 1168
[0, 1, 0, 0, 0, 0, 1, 0, 0, 0, 0, 0, 0] : 94
[0, 1, 0, 0, 0, 0, 0, 0, 1, 0, 1, 0, 0] : 23
[0, 1, 0, 0, 0, 0, 0, 0, 1, 1, 0, 0, 1] : 2
[0, 0, 0, 0, 0, 1, 0, 1, 0, 0, 0, 0, 0] : 54
[0, 1, 0, 0, 0, 0, 0, 1, 0, 0, 0, 1, 0] : 182
[0, 1, 0, 0, 0, 0, 0, 0, 1, 1, 0, 0, 0] : 39
[0, 0, 1, 0, 0, 0, 0, 1, 0, 0, 1, 0, 0] : 5
[0, 0, 1, 0, 1, 0, 0, 0, 0, 0, 0, 0, 0] : 88
[0, 0, 0, 0, 0, 1, 0, 0, 0, 0, 0, 1, 0] : 29
[0, 1, 0, 0, 1, 0, 0, 0, 0, 1, 0, 0, 0] : 24
[0, 0, 0, 0, 1, 0, 0, 1, 0, 0, 0, 0, 0] : 47
[0, 0, 0, 0, 0, 1, 0, 0, 1, 0, 0, 0, 0] : 29
[0, 1, 0, 0, 0, 1, 0, 0, 0, 0, 0, 1, 0] : 176
[0, 0, 0, 1, 0, 0, 0, 1, 0, 0, 0, 0, 0] : 60
[0, 1, 0, 0, 0, 0, 0, 0, 0, 1, 0, 1, 0] : 105
[0, 1, 0, 0, 0, 1, 0, 0, 1, 0, 0, 0, 0] : 34
[0, 1, 0, 0, 1, 0, 0, 0, 0, 0, 0, 0, 0] : 376
[0, 0, 1, 0, 0, 1, 0, 0, 0, 0, 0, 0, 0] : 35
[0, 1, 0, 0, 1, 0, 0, 1, 0, 0, 0, 1, 0] : 15
[0, 1, 0, 0, 0, 0, 0, 1, 0, 1, 0, 0, 0] : 44
[0, 0, 0, 0, 1, 0, 0, 0, 1, 0, 0, 0, 0] : 49
[0, 1, 0, 0, 0, 1, 0, 0, 0, 0, 1, 0, 0] : 12
[0, 1, 0, 0, 0, 0, 0, 0, 0, 0, 1, 1, 0] : 19
[0, 0, 0, 0, 0, 0, 0, 1, 0, 0, 1, 0, 0] : 8
[0, 0, 1, 1, 0, 0, 0, 0, 1, 1, 0, 0, 0] : 33
[0, 1, 0, 0, 0, 1, 0, 1, 0, 0, 0, 0, 0] : 52
[0, 0, 0, 0, 0, 0, 0, 1, 0, 1, 0, 0, 0] : 5
[0, 1, 1, 0, 0, 0, 0, 0, 1, 1, 0, 0, 0] : 3
[0, 0, 0, 0, 1, 0, 0, 1, 0, 0, 1, 0, 0] : 1
[0, 1, 0, 0, 1, 0, 0, 0, 1, 0, 1, 0, 0] : 9
[0, 0, 0, 1, 0, 0, 0, 1, 0, 0, 1, 0, 0] : 6
[0, 1, 0, 0, 1, 0, 0, 0, 1, 0, 0, 0, 0] : 72
[0, 1, 0, 0, 0, 1, 0, 1, 0, 0, 0, 1, 0] : 13
[0, 1, 0, 1, 0, 0, 0, 1, 0, 0, 0, 0, 0] : 27
[0, 1, 0, 0, 1, 0, 0, 1, 0, 0, 0, 0, 0] : 107
[0, 0, 0, 0, 1, 0, 0, 0, 0, 0, 0, 1, 0] : 4
[0, 1, 0, 1, 0, 0, 0, 0, 0, 0, 0, 0, 0] : 9
[0, 0, 1, 0, 0, 0, 0, 0, 1, 1, 1, 0, 0] : 16
[0, 0, 0, 0, 1, 1, 0, 0, 1, 0, 0, 0, 0] : 1
[0, 0, 1, 0, 0, 0, 0, 1, 0, 1, 0, 0, 0] : 2
[0, 0, 0, 0, 0, 1, 0, 0, 1, 0, 1, 0, 0] : 5
[0, 1, 0, 0, 0, 0, 1, 1, 0, 0, 0, 1, 0] : 14
[0, 1, 0, 0, 0, 1, 1, 0, 0, 0, 0, 0, 0] : 12
[0, 1, 0, 0, 0, 1, 0, 0, 0, 1, 0, 0, 0] : 29
[0, 1, 0, 0, 0, 1, 0, 0, 1, 0, 1, 0, 0] : 8
[1, 1, 0, 0, 0, 0, 0, 0, 0, 0, 0, 0, 0] : 114
[0, 0, 1, 1, 0, 0, 0, 1, 1, 0, 0, 0, 0] : 6
[0, 0, 1, 0, 0, 0, 1, 0, 1, 0, 0, 0, 0] : 60
[1, 1, 0, 0, 0, 0, 0, 1, 0, 0, 0, 1, 0] : 2
[0, 0, 1, 0, 0, 1, 1, 0, 1, 0, 0, 0, 0] : 24
[1, 1, 0, 0, 0, 1, 0, 0, 0, 0, 0, 0, 0] : 16
[0, 1, 0, 0, 0, 1, 0, 0, 1, 1, 0, 0, 0] : 7
[0, 1, 0, 0, 0, 0, 1, 1, 0, 0, 0, 0, 0] : 11
[0, 1, 0, 0, 0, 0, 1, 0, 0, 0, 0, 1, 0] : 78
[1, 1, 0, 0, 1, 0, 0, 0, 0, 0, 0, 0, 0] : 1
[0, 0, 0, 0, 0, 0, 0, 0, 0, 1, 0, 0, 0] : 1
[0, 0, 1, 0, 0, 1, 0, 0, 0, 1, 0, 0, 0] : 20
[0, 0, 1, 0, 0, 0, 1, 0, 1, 1, 0, 0, 0] : 6
[0, 1, 1, 0, 0, 0, 0, 0, 1, 0, 0, 0, 0] : 4
[0, 0, 0, 0, 0, 1, 0, 0, 1, 0, 0, 1, 0] : 1
[0, 1, 0, 0, 0, 1, 0, 1, 0, 0, 1, 1, 0] : 1
[0, 0, 1, 0, 1, 1, 0, 0, 1, 0, 0, 0, 0] : 8
[0, 0, 0, 0, 0, 1, 0, 0, 1, 1, 0, 0, 0] : 4
[0, 0, 1, 0, 1, 0, 0, 0, 1, 0, 0, 0, 1] : 39
[0, 0, 0, 1, 0, 0, 0, 1, 0, 1, 0, 0, 0] : 17
[0, 1, 0, 1, 0, 0, 0, 0, 1, 0, 1, 0, 0] : 1
[0, 0, 1, 1, 0, 0, 0, 0, 1, 0, 1, 0, 0] : 25
[0, 0, 0, 0, 0, 1, 0, 0, 0, 0, 1, 0, 0] : 2
[0, 0, 0, 0, 1, 0, 0, 0, 1, 0, 1, 0, 1] : 2
[0, 0, 1, 0, 0, 0, 0, 0, 0, 1, 1, 0, 0] : 3
[1, 1, 0, 0, 0, 0, 0, 0, 0, 1, 0, 0, 0] : 6
[0, 0, 1, 0, 1, 0, 1, 0, 1, 0, 0, 0, 0] : 14
[0, 1, 0, 0, 0, 0, 0, 0, 0, 1, 1, 0, 0] : 9
[0, 1, 0, 0, 1, 0, 0, 0, 0, 0, 1, 0, 0] : 14
[0, 0, 0, 1, 0, 0, 0, 0, 0, 1, 0, 0, 0] : 2
[0, 0, 0, 0, 1, 0, 0, 0, 1, 0, 1, 0, 0] : 41
[0, 1, 0, 0, 0, 0, 0, 1, 0, 1, 0, 1, 0] : 4
[0, 1, 0, 1, 0, 0, 0, 0, 0, 0, 0, 1, 0] : 1
[0, 0, 0, 0, 0, 0, 0, 0, 0, 1, 1, 0, 1] : 1
[0, 0, 1, 0, 0, 1, 0, 0, 1, 0, 0, 0, 1] : 1
[0, 1, 0, 1, 0, 0, 0, 0, 0, 1, 0, 0, 0] : 6
[0, 0, 0, 0, 0, 0, 0, 0, 1, 1, 0, 0, 0] : 18
[0, 1, 1, 0, 1, 0, 0, 0, 1, 0, 0, 0, 0] : 3
[0, 1, 0, 0, 0, 1, 0, 0, 0, 0, 0, 0, 1] : 6
[0, 1, 0, 0, 0, 0, 0, 0, 1, 0, 0, 0, 1] : 6
[0, 1, 0, 0, 0, 1, 0, 0, 0, 0, 1, 0, 1] : 1
[0, 1, 0, 0, 0, 1, 0, 0, 0, 0, 1, 1, 0] : 3
[0, 0, 0, 0, 0, 1, 0, 0, 0, 0, 1, 1, 0] : 2
[0, 1, 0, 0, 0, 0, 0, 0, 0, 0, 0, 0, 1] : 7
[0, 0, 0, 0, 0, 0, 0, 0, 0, 0, 0, 1, 1] : 1
[1, 1, 0, 0, 0, 0, 1, 0, 0, 0, 0, 1, 0] : 2
[0, 1, 0, 0, 0, 0, 1, 0, 1, 0, 0, 1, 0] : 1
[0, 0, 0, 0, 0, 1, 0, 0, 0, 1, 0, 0, 0] : 8
[0, 1, 0, 0, 0, 0, 0, 0, 1, 1, 1, 0, 0] : 1
[0, 0, 0, 0, 0, 1, 0, 1, 0, 0, 0, 1, 0] : 1
[0, 1, 0, 0, 0, 0, 1, 0, 0, 0, 1, 0, 0] : 1
[0, 0, 1, 0, 0, 0, 0, 1, 1, 0, 0, 0, 0] : 1
[0, 0, 1, 0, 0, 1, 0, 0, 1, 1, 1, 0, 0] : 1
[0, 0, 1, 0, 0, 0, 1, 0, 0, 0, 0, 0, 0] : 8
[0, 1, 1, 0, 0, 0, 0, 0, 0, 1, 0, 0, 0] : 1
[1, 1, 0, 0, 0, 0, 0, 1, 0, 1, 0, 0, 0] : 5
[1, 1, 0, 0, 0, 0, 0, 1, 0, 0, 0, 0, 0] : 15
[0, 0, 0, 0, 0, 0, 0, 0, 0, 0, 1, 0, 1] : 4
[0, 0, 0, 0, 0, 1, 0, 0, 0, 0, 0, 0, 0] : 1
[0, 0, 0, 0, 0, 0, 0, 1, 0, 0, 0, 1, 0] : 2
[0, 0, 1, 0, 0, 1, 1, 0, 0, 0, 0, 0, 0] : 2
[0, 0, 1, 0, 0, 1, 0, 0, 0, 1, 1, 0, 0] : 1
[0, 0, 1, 0, 1, 0, 0, 0, 0, 1, 0, 0, 0] : 1
[0, 0, 0, 0, 0, 0, 1, 0, 0, 0, 0, 1, 0] : 1
[0, 0, 0, 1, 0, 0, 0, 0, 1, 0, 0, 0, 0] : 7
[1, 0, 0, 0, 0, 0, 0, 0, 0, 0, 0, 0, 0] : 1
[0, 0, 1, 0, 1, 0, 0, 1, 1, 0, 0, 0, 0] : 7
[0, 0, 1, 0, 0, 0, 0, 0, 0, 0, 0, 0, 1] : 5
[0, 0, 0, 0, 0, 0, 0, 0, 0, 0, 0, 0, 1] : 5
[0, 1, 1, 0, 0, 0, 0, 0, 0, 0, 0, 0, 0] : 1
[1, 0, 0, 0, 0, 1, 0, 0, 0, 0, 0, 0, 0] : 1
[0, 0, 1, 0, 0, 1, 0, 0, 0, 0, 0, 1, 0] : 2
[0, 0, 0, 0, 1, 0, 0, 0, 0, 0, 1, 0, 0] : 1
[0, 0, 0, 0, 0, 0, 0, 0, 1, 1, 0, 0, 1] : 4
[0, 0, 1, 0, 1, 0, 0, 0, 0, 0, 1, 0, 0] : 1
[0, 0, 0, 0, 0, 0, 0, 0, 0, 0, 1, 0, 0] : 2
[0, 0, 0, 0, 0, 0, 0, 0, 0, 0, 1, 1, 0] : 1
[0, 0, 0, 0, 0, 1, 1, 0, 0, 0, 0, 0, 0] : 1
[0, 0, 0, 0, 0, 0, 1, 0, 1, 0, 0, 0, 0] : 5
[0, 0, 1, 0, 0, 0, 1, 0, 0, 1, 0, 0, 0] : 2
[0, 0, 1, 1, 0, 0, 0, 1, 0, 0, 0, 0, 0] : 7
[0, 0, 0, 0, 0, 0, 0, 1, 1, 0, 0, 0, 0] : 1
[0, 1, 0, 0, 0, 0, 0, 0, 0, 1, 1, 1, 0] : 8
[0, 0, 0, 1, 0, 0, 0, 0, 1, 0, 1, 0, 0] : 1
[0, 0, 1, 1, 0, 0, 0, 0, 0, 1, 0, 0, 0] : 1
[0, 0, 0, 0, 0, 1, 0, 1, 0, 1, 0, 0, 0] : 1
[1, 1, 1, 0, 1, 0, 0, 0, 1, 0, 0, 0, 0] : 1
[0, 0, 1, 1, 0, 0, 0, 1, 1, 1, 0, 0, 0] : 5
[0, 0, 0, 0, 1, 0, 0, 1, 0, 0, 0, 0, 1] : 3
[0, 0, 0, 0, 1, 0, 0, 0, 1, 0, 0, 1, 0] : 1
[0, 0, 1, 0, 1, 0, 0, 1, 0, 0, 1, 0, 0] : 2
[0, 0, 1, 0, 1, 0, 0, 0, 0, 0, 0, 1, 0] : 1
[0, 0, 1, 0, 0, 1, 1, 0, 1, 1, 0, 0, 0] : 1
[0, 0, 0, 0, 1, 0, 0, 1, 0, 1, 0, 0, 0] : 1
[0, 0, 0, 1, 0, 1, 0, 0, 1, 0, 1, 0, 0] : 1
[0, 0, 1, 0, 1, 0, 0, 0, 1, 0, 0, 1, 0] : 3
[0, 1, 0, 0, 0, 0, 1, 0, 1, 0, 0, 0, 0] : 1
[0, 1, 0, 0, 1, 0, 0, 0, 1, 1, 0, 0, 0] : 1
[0, 1, 0, 0, 0, 0, 1, 0, 0, 1, 0, 0, 0] : 2
[0, 1, 0, 1, 0, 0, 0, 1, 0, 0, 1, 0, 0] : 1
[0, 0, 0, 1, 0, 0, 0, 0, 0, 1, 1, 0, 0] : 5
[0, 0, 0, 1, 0, 0, 0, 1, 0, 1, 1, 0, 0] : 1
[0, 0, 0, 0, 0, 0, 0, 0, 0, 0, 0, 1, 0] : 1
[0, 0, 1, 0, 1, 0, 1, 0, 0, 0, 0, 0, 0] : 1
[0, 0, 0, 0, 1, 0, 0, 0, 1, 0, 0, 0, 1] : 4
[0, 0, 1, 0, 0, 0, 0, 0, 1, 0, 0, 1, 0] : 1
[0, 1, 0, 0, 1, 0, 1, 0, 0, 0, 0, 1, 0] : 1
[0, 0, 1, 0, 1, 0, 0, 1, 1, 1, 0, 0, 0] : 1
[0, 1, 0, 0, 1, 0, 0, 0, 0, 0, 1, 1, 0] : 1
[0, 1, 0, 0, 0, 1, 0, 0, 0, 1, 0, 1, 0] : 1
[0, 0, 1, 0, 0, 0, 0, 0, 1, 1, 0, 0, 1] : 4
[0, 0, 1, 0, 0, 1, 0, 1, 1, 0, 0, 0, 0] : 5
[0, 1, 0, 0, 1, 0, 1, 0, 0, 0, 0, 0, 0] : 1
